product_id,product_name,product_size,product_color
1,Azure Bliss Jeans,XS,Red
2,Azure Bliss Jeans,XS,Blue
3,Azure Bliss Jeans,XS,Green
4,Azure Bliss Jeans,XS,Yellow
5,Azure Bliss Jeans,XS,Purple
6,Azure Bliss Jeans,XS,Orange
7,Azure Bliss Jeans,XS,Pink
8,Azure Bliss Jeans,XS,Brown
9,Azure Bliss Jeans,XS,Black
10,Azure Bliss Jeans,XS,White
11,Azure Bliss Jeans,S,Red
12,Azure Bliss Jeans,S,Blue
13,Azure Bliss Jeans,S,Green
14,Azure Bliss Jeans,S,Yellow
15,Azure Bliss Jeans,S,Purple
16,Azure Bliss Jeans,S,Orange
17,Azure Bliss Jeans,S,Pink
18,Azure Bliss Jeans,S,Brown
19,Azure Bliss Jeans,S,Black
20,Azure Bliss Jeans,S,White
21,Azure Bliss Jeans,M,Red
22,Azure Bliss Jeans,M,Blue
23,Azure Bliss Jeans,M,Green
24,Azure Bliss Jeans,M,Yellow
25,Azure Bliss Jeans,M,Purple
26,Azure Bliss Jeans,M,Orange
27,Azure Bliss Jeans,M,Pink
28,Azure Bliss Jeans,M,Brown
29,Azure Bliss Jeans,M,Black
30,Azure Bliss Jeans,M,White
31,Azure Bliss Jeans,L,Red
32,Azure Bliss Jeans,L,Blue
33,Azure Bliss Jeans,L,Green
34,Azure Bliss Jeans,L,Yellow
35,Azure Bliss Jeans,L,Purple
36,Azure Bliss Jeans,L,Orange
37,Azure Bliss Jeans,L,Pink
38,Azure Bliss Jeans,L,Brown
39,Azure Bliss Jeans,L,Black
40,Azure Bliss Jeans,L,White
41,Azure Bliss Jeans,XL,Red
42,Azure Bliss Jeans,XL,Blue
43,Azure Bliss Jeans,XL,Green
44,Azure Bliss Jeans,XL,Yellow
45,Azure Bliss Jeans,XL,Purple
46,Azure Bliss Jeans,XL,Orange
47,Azure Bliss Jeans,XL,Pink
48,Azure Bliss Jeans,XL,Brown
49,Azure Bliss Jeans,XL,Black
50,Azure Bliss Jeans,XL,White
51,Azure Bliss Jeans,XXL,Red
52,Azure Bliss Jeans,XXL,Blue
53,Azure Bliss Jeans,XXL,Green
54,Azure Bliss Jeans,XXL,Yellow
55,Azure Bliss Jeans,XXL,Purple
56,Azure Bliss Jeans,XXL,Orange
57,Azure Bliss Jeans,XXL,Pink
58,Azure Bliss Jeans,XXL,Brown
59,Azure Bliss Jeans,XXL,Black
60,Azure Bliss Jeans,XXL,White
61,Velvet Elegance Trousers,XS,Red
62,Velvet Elegance Trousers,XS,Blue
63,Velvet Elegance Trousers,XS,Green
64,Velvet Elegance Trousers,XS,Yellow
65,Velvet Elegance Trousers,XS,Purple
66,Velvet Elegance Trousers,XS,Orange
67,Velvet Elegance Trousers,XS,Pink
68,Velvet Elegance Trousers,XS,Brown
69,Velvet Elegance Trousers,XS,Black
70,Velvet Elegance Trousers,XS,White
71,Velvet Elegance Trousers,S,Red
72,Velvet Elegance Trousers,S,Blue
73,Velvet Elegance Trousers,S,Green
74,Velvet Elegance Trousers,S,Yellow
75,Velvet Elegance Trousers,S,Purple
76,Velvet Elegance Trousers,S,Orange
77,Velvet Elegance Trousers,S,Pink
78,Velvet Elegance Trousers,S,Brown
79,Velvet Elegance Trousers,S,Black
80,Velvet Elegance Trousers,S,White
81,Velvet Elegance Trousers,M,Red
82,Velvet Elegance Trousers,M,Blue
83,Velvet Elegance Trousers,M,Green
84,Velvet Elegance Trousers,M,Yellow
85,Velvet Elegance Trousers,M,Purple
86,Velvet Elegance Trousers,M,Orange
87,Velvet Elegance Trousers,M,Pink
88,Velvet Elegance Trousers,M,Brown
89,Velvet Elegance Trousers,M,Black
90,Velvet Elegance Trousers,M,White
91,Velvet Elegance Trousers,L,Red
92,Velvet Elegance Trousers,L,Blue
93,Velvet Elegance Trousers,L,Green
94,Velvet Elegance Trousers,L,Yellow
95,Velvet Elegance Trousers,L,Purple
96,Velvet Elegance Trousers,L,Orange
97,Velvet Elegance Trousers,L,Pink
98,Velvet Elegance Trousers,L,Brown
99,Velvet Elegance Trousers,L,Black
100,Velvet Elegance Trousers,L,White
101,Velvet Elegance Trousers,XL,Red
102,Velvet Elegance Trousers,XL,Blue
103,Velvet Elegance Trousers,XL,Green
104,Velvet Elegance Trousers,XL,Yellow
105,Velvet Elegance Trousers,XL,Purple
106,Velvet Elegance Trousers,XL,Orange
107,Velvet Elegance Trousers,XL,Pink
108,Velvet Elegance Trousers,XL,Brown
109,Velvet Elegance Trousers,XL,Black
110,Velvet Elegance Trousers,XL,White
111,Velvet Elegance Trousers,XXL,Red
112,Velvet Elegance Trousers,XXL,Blue
113,Velvet Elegance Trousers,XXL,Green
114,Velvet Elegance Trousers,XXL,Yellow
115,Velvet Elegance Trousers,XXL,Purple
116,Velvet Elegance Trousers,XXL,Orange
117,Velvet Elegance Trousers,XXL,Pink
118,Velvet Elegance Trousers,XXL,Brown
119,Velvet Elegance Trousers,XXL,Black
120,Velvet Elegance Trousers,XXL,White
121,Celestial Silk Blouse,XS,Red
122,Celestial Silk Blouse,XS,Blue
123,Celestial Silk Blouse,XS,Green
124,Celestial Silk Blouse,XS,Yellow
125,Celestial Silk Blouse,XS,Purple
126,Celestial Silk Blouse,XS,Orange
127,Celestial Silk Blouse,XS,Pink
128,Celestial Silk Blouse,XS,Brown
129,Celestial Silk Blouse,XS,Black
130,Celestial Silk Blouse,XS,White
131,Celestial Silk Blouse,S,Red
132,Celestial Silk Blouse,S,Blue
133,Celestial Silk Blouse,S,Green
134,Celestial Silk Blouse,S,Yellow
135,Celestial Silk Blouse,S,Purple
136,Celestial Silk Blouse,S,Orange
137,Celestial Silk Blouse,S,Pink
138,Celestial Silk Blouse,S,Brown
139,Celestial Silk Blouse,S,Black
140,Celestial Silk Blouse,S,White
141,Celestial Silk Blouse,M,Red
142,Celestial Silk Blouse,M,Blue
143,Celestial Silk Blouse,M,Green
144,Celestial Silk Blouse,M,Yellow
145,Celestial Silk Blouse,M,Purple
146,Celestial Silk Blouse,M,Orange
147,Celestial Silk Blouse,M,Pink
148,Celestial Silk Blouse,M,Brown
149,Celestial Silk Blouse,M,Black
150,Celestial Silk Blouse,M,White
151,Celestial Silk Blouse,L,Red
152,Celestial Silk Blouse,L,Blue
153,Celestial Silk Blouse,L,Green
154,Celestial Silk Blouse,L,Yellow
155,Celestial Silk Blouse,L,Purple
156,Celestial Silk Blouse,L,Orange
157,Celestial Silk Blouse,L,Pink
158,Celestial Silk Blouse,L,Brown
159,Celestial Silk Blouse,L,Black
160,Celestial Silk Blouse,L,White
161,Celestial Silk Blouse,XL,Red
162,Celestial Silk Blouse,XL,Blue
163,Celestial Silk Blouse,XL,Green
164,Celestial Silk Blouse,XL,Yellow
165,Celestial Silk Blouse,XL,Purple
166,Celestial Silk Blouse,XL,Orange
167,Celestial Silk Blouse,XL,Pink
168,Celestial Silk Blouse,XL,Brown
169,Celestial Silk Blouse,XL,Black
170,Celestial Silk Blouse,XL,White
171,Celestial Silk Blouse,XXL,Red
172,Celestial Silk Blouse,XXL,Blue
173,Celestial Silk Blouse,XXL,Green
174,Celestial Silk Blouse,XXL,Yellow
175,Celestial Silk Blouse,XXL,Purple
176,Celestial Silk Blouse,XXL,Orange
177,Celestial Silk Blouse,XXL,Pink
178,Celestial Silk Blouse,XXL,Brown
179,Celestial Silk Blouse,XXL,Black
180,Celestial Silk Blouse,XXL,White
181,Rosewood Wrap Skirt,XS,Red
182,Rosewood Wrap Skirt,XS,Blue
183,Rosewood Wrap Skirt,XS,Green
184,Rosewood Wrap Skirt,XS,Yellow
185,Rosewood Wrap Skirt,XS,Purple
186,Rosewood Wrap Skirt,XS,Orange
187,Rosewood Wrap Skirt,XS,Pink
188,Rosewood Wrap Skirt,XS,Brown
189,Rosewood Wrap Skirt,XS,Black
190,Rosewood Wrap Skirt,XS,White
191,Rosewood Wrap Skirt,S,Red
192,Rosewood Wrap Skirt,S,Blue
193,Rosewood Wrap Skirt,S,Green
194,Rosewood Wrap Skirt,S,Yellow
195,Rosewood Wrap Skirt,S,Purple
196,Rosewood Wrap Skirt,S,Orange
197,Rosewood Wrap Skirt,S,Pink
198,Rosewood Wrap Skirt,S,Brown
199,Rosewood Wrap Skirt,S,Black
200,Rosewood Wrap Skirt,S,White
201,Rosewood Wrap Skirt,M,Red
202,Rosewood Wrap Skirt,M,Blue
203,Rosewood Wrap Skirt,M,Green
204,Rosewood Wrap Skirt,M,Yellow
205,Rosewood Wrap Skirt,M,Purple
206,Rosewood Wrap Skirt,M,Orange
207,Rosewood Wrap Skirt,M,Pink
208,Rosewood Wrap Skirt,M,Brown
209,Rosewood Wrap Skirt,M,Black
210,Rosewood Wrap Skirt,M,White
211,Rosewood Wrap Skirt,L,Red
212,Rosewood Wrap Skirt,L,Blue
213,Rosewood Wrap Skirt,L,Green
214,Rosewood Wrap Skirt,L,Yellow
215,Rosewood Wrap Skirt,L,Purple
216,Rosewood Wrap Skirt,L,Orange
217,Rosewood Wrap Skirt,L,Pink
218,Rosewood Wrap Skirt,L,Brown
219,Rosewood Wrap Skirt,L,Black
220,Rosewood Wrap Skirt,L,White
221,Rosewood Wrap Skirt,XL,Red
222,Rosewood Wrap Skirt,XL,Blue
223,Rosewood Wrap Skirt,XL,Green
224,Rosewood Wrap Skirt,XL,Yellow
225,Rosewood Wrap Skirt,XL,Purple
226,Rosewood Wrap Skirt,XL,Orange
227,Rosewood Wrap Skirt,XL,Pink
228,Rosewood Wrap Skirt,XL,Brown
229,Rosewood Wrap Skirt,XL,Black
230,Rosewood Wrap Skirt,XL,White
231,Rosewood Wrap Skirt,XXL,Red
232,Rosewood Wrap Skirt,XXL,Blue
233,Rosewood Wrap Skirt,XXL,Green
234,Rosewood Wrap Skirt,XXL,Yellow
235,Rosewood Wrap Skirt,XXL,Purple
236,Rosewood Wrap Skirt,XXL,Orange
237,Rosewood Wrap Skirt,XXL,Pink
238,Rosewood Wrap Skirt,XXL,Brown
239,Rosewood Wrap Skirt,XXL,Black
240,Rosewood Wrap Skirt,XXL,White
241,Midnight Gala Dress,XS,Red
242,Midnight Gala Dress,XS,Blue
243,Midnight Gala Dress,XS,Green
244,Midnight Gala Dress,XS,Yellow
245,Midnight Gala Dress,XS,Purple
246,Midnight Gala Dress,XS,Orange
247,Midnight Gala Dress,XS,Pink
248,Midnight Gala Dress,XS,Brown
249,Midnight Gala Dress,XS,Black
250,Midnight Gala Dress,XS,White
251,Midnight Gala Dress,S,Red
252,Midnight Gala Dress,S,Blue
253,Midnight Gala Dress,S,Green
254,Midnight Gala Dress,S,Yellow
255,Midnight Gala Dress,S,Purple
256,Midnight Gala Dress,S,Orange
257,Midnight Gala Dress,S,Pink
258,Midnight Gala Dress,S,Brown
259,Midnight Gala Dress,S,Black
260,Midnight Gala Dress,S,White
261,Midnight Gala Dress,M,Red
262,Midnight Gala Dress,M,Blue
263,Midnight Gala Dress,M,Green
264,Midnight Gala Dress,M,Yellow
265,Midnight Gala Dress,M,Purple
266,Midnight Gala Dress,M,Orange
267,Midnight Gala Dress,M,Pink
268,Midnight Gala Dress,M,Brown
269,Midnight Gala Dress,M,Black
270,Midnight Gala Dress,M,White
271,Midnight Gala Dress,L,Red
272,Midnight Gala Dress,L,Blue
273,Midnight Gala Dress,L,Green
274,Midnight Gala Dress,L,Yellow
275,Midnight Gala Dress,L,Purple
276,Midnight Gala Dress,L,Orange
277,Midnight Gala Dress,L,Pink
278,Midnight Gala Dress,L,Brown
279,Midnight Gala Dress,L,Black
280,Midnight Gala Dress,L,White
281,Midnight Gala Dress,XL,Red
282,Midnight Gala Dress,XL,Blue
283,Midnight Gala Dress,XL,Green
284,Midnight Gala Dress,XL,Yellow
285,Midnight Gala Dress,XL,Purple
286,Midnight Gala Dress,XL,Orange
287,Midnight Gala Dress,XL,Pink
288,Midnight Gala Dress,XL,Brown
289,Midnight Gala Dress,XL,Black
290,Midnight Gala Dress,XL,White
291,Midnight Gala Dress,XXL,Red
292,Midnight Gala Dress,XXL,Blue
293,Midnight Gala Dress,XXL,Green
294,Midnight Gala Dress,XXL,Yellow
295,Midnight Gala Dress,XXL,Purple
296,Midnight Gala Dress,XXL,Orange
297,Midnight Gala Dress,XXL,Pink
298,Midnight Gala Dress,XXL,Brown
299,Midnight Gala Dress,XXL,Black
300,Midnight Gala Dress,XXL,White
301,Serenity Tee,XS,Red
302,Serenity Tee,XS,Blue
303,Serenity Tee,XS,Green
304,Serenity Tee,XS,Yellow
305,Serenity Tee,XS,Purple
306,Serenity Tee,XS,Orange
307,Serenity Tee,XS,Pink
308,Serenity Tee,XS,Brown
309,Serenity Tee,XS,Black
310,Serenity Tee,XS,White
311,Serenity Tee,S,Red
312,Serenity Tee,S,Blue
313,Serenity Tee,S,Green
314,Serenity Tee,S,Yellow
315,Serenity Tee,S,Purple
316,Serenity Tee,S,Orange
317,Serenity Tee,S,Pink
318,Serenity Tee,S,Brown
319,Serenity Tee,S,Black
320,Serenity Tee,S,White
321,Serenity Tee,M,Red
322,Serenity Tee,M,Blue
323,Serenity Tee,M,Green
324,Serenity Tee,M,Yellow
325,Serenity Tee,M,Purple
326,Serenity Tee,M,Orange
327,Serenity Tee,M,Pink
328,Serenity Tee,M,Brown
329,Serenity Tee,M,Black
330,Serenity Tee,M,White
331,Serenity Tee,L,Red
332,Serenity Tee,L,Blue
333,Serenity Tee,L,Green
334,Serenity Tee,L,Yellow
335,Serenity Tee,L,Purple
336,Serenity Tee,L,Orange
337,Serenity Tee,L,Pink
338,Serenity Tee,L,Brown
339,Serenity Tee,L,Black
340,Serenity Tee,L,White
341,Serenity Tee,XL,Red
342,Serenity Tee,XL,Blue
343,Serenity Tee,XL,Green
344,Serenity Tee,XL,Yellow
345,Serenity Tee,XL,Purple
346,Serenity Tee,XL,Orange
347,Serenity Tee,XL,Pink
348,Serenity Tee,XL,Brown
349,Serenity Tee,XL,Black
350,Serenity Tee,XL,White
351,Serenity Tee,XXL,Red
352,Serenity Tee,XXL,Blue
353,Serenity Tee,XXL,Green
354,Serenity Tee,XXL,Yellow
355,Serenity Tee,XXL,Purple
356,Serenity Tee,XXL,Orange
357,Serenity Tee,XXL,Pink
358,Serenity Tee,XXL,Brown
359,Serenity Tee,XXL,Black
360,Serenity Tee,XXL,White
361,Ember Blaze Coat,XS,Red
362,Ember Blaze Coat,XS,Blue
363,Ember Blaze Coat,XS,Green
364,Ember Blaze Coat,XS,Yellow
365,Ember Blaze Coat,XS,Purple
366,Ember Blaze Coat,XS,Orange
367,Ember Blaze Coat,XS,Pink
368,Ember Blaze Coat,XS,Brown
369,Ember Blaze Coat,XS,Black
370,Ember Blaze Coat,XS,White
371,Ember Blaze Coat,S,Red
372,Ember Blaze Coat,S,Blue
373,Ember Blaze Coat,S,Green
374,Ember Blaze Coat,S,Yellow
375,Ember Blaze Coat,S,Purple
376,Ember Blaze Coat,S,Orange
377,Ember Blaze Coat,S,Pink
378,Ember Blaze Coat,S,Brown
379,Ember Blaze Coat,S,Black
380,Ember Blaze Coat,S,White
381,Ember Blaze Coat,M,Red
382,Ember Blaze Coat,M,Blue
383,Ember Blaze Coat,M,Green
384,Ember Blaze Coat,M,Yellow
385,Ember Blaze Coat,M,Purple
386,Ember Blaze Coat,M,Orange
387,Ember Blaze Coat,M,Pink
388,Ember Blaze Coat,M,Brown
389,Ember Blaze Coat,M,Black
390,Ember Blaze Coat,M,White
391,Ember Blaze Coat,L,Red
392,Ember Blaze Coat,L,Blue
393,Ember Blaze Coat,L,Green
394,Ember Blaze Coat,L,Yellow
395,Ember Blaze Coat,L,Purple
396,Ember Blaze Coat,L,Orange
397,Ember Blaze Coat,L,Pink
398,Ember Blaze Coat,L,Brown
399,Ember Blaze Coat,L,Black
400,Ember Blaze Coat,L,White
401,Ember Blaze Coat,XL,Red
402,Ember Blaze Coat,XL,Blue
403,Ember Blaze Coat,XL,Green
404,Ember Blaze Coat,XL,Yellow
405,Ember Blaze Coat,XL,Purple
406,Ember Blaze Coat,XL,Orange
407,Ember Blaze Coat,XL,Pink
408,Ember Blaze Coat,XL,Brown
409,Ember Blaze Coat,XL,Black
410,Ember Blaze Coat,XL,White
411,Ember Blaze Coat,XXL,Red
412,Ember Blaze Coat,XXL,Blue
413,Ember Blaze Coat,XXL,Green
414,Ember Blaze Coat,XXL,Yellow
415,Ember Blaze Coat,XXL,Purple
416,Ember Blaze Coat,XXL,Orange
417,Ember Blaze Coat,XXL,Pink
418,Ember Blaze Coat,XXL,Brown
419,Ember Blaze Coat,XXL,Black
420,Ember Blaze Coat,XXL,White
421,Aurora Borealis Jacket,XS,Red
422,Aurora Borealis Jacket,XS,Blue
423,Aurora Borealis Jacket,XS,Green
424,Aurora Borealis Jacket,XS,Yellow
425,Aurora Borealis Jacket,XS,Purple
426,Aurora Borealis Jacket,XS,Orange
427,Aurora Borealis Jacket,XS,Pink
428,Aurora Borealis Jacket,XS,Brown
429,Aurora Borealis Jacket,XS,Black
430,Aurora Borealis Jacket,XS,White
431,Aurora Borealis Jacket,S,Red
432,Aurora Borealis Jacket,S,Blue
433,Aurora Borealis Jacket,S,Green
434,Aurora Borealis Jacket,S,Yellow
435,Aurora Borealis Jacket,S,Purple
436,Aurora Borealis Jacket,S,Orange
437,Aurora Borealis Jacket,S,Pink
438,Aurora Borealis Jacket,S,Brown
439,Aurora Borealis Jacket,S,Black
440,Aurora Borealis Jacket,S,White
441,Aurora Borealis Jacket,M,Red
442,Aurora Borealis Jacket,M,Blue
443,Aurora Borealis Jacket,M,Green
444,Aurora Borealis Jacket,M,Yellow
445,Aurora Borealis Jacket,M,Purple
446,Aurora Borealis Jacket,M,Orange
447,Aurora Borealis Jacket,M,Pink
448,Aurora Borealis Jacket,M,Brown
449,Aurora Borealis Jacket,M,Black
450,Aurora Borealis Jacket,M,White
451,Aurora Borealis Jacket,L,Red
452,Aurora Borealis Jacket,L,Blue
453,Aurora Borealis Jacket,L,Green
454,Aurora Borealis Jacket,L,Yellow
455,Aurora Borealis Jacket,L,Purple
456,Aurora Borealis Jacket,L,Orange
457,Aurora Borealis Jacket,L,Pink
458,Aurora Borealis Jacket,L,Brown
459,Aurora Borealis Jacket,L,Black
460,Aurora Borealis Jacket,L,White
461,Aurora Borealis Jacket,XL,Red
462,Aurora Borealis Jacket,XL,Blue
463,Aurora Borealis Jacket,XL,Green
464,Aurora Borealis Jacket,XL,Yellow
465,Aurora Borealis Jacket,XL,Purple
466,Aurora Borealis Jacket,XL,Orange
467,Aurora Borealis Jacket,XL,Pink
468,Aurora Borealis Jacket,XL,Brown
469,Aurora Borealis Jacket,XL,Black
470,Aurora Borealis Jacket,XL,White
471,Aurora Borealis Jacket,XXL,Red
472,Aurora Borealis Jacket,XXL,Blue
473,Aurora Borealis Jacket,XXL,Green
474,Aurora Borealis Jacket,XXL,Yellow
475,Aurora Borealis Jacket,XXL,Purple
476,Aurora Borealis Jacket,XXL,Orange
477,Aurora Borealis Jacket,XXL,Pink
478,Aurora Borealis Jacket,XXL,Brown
479,Aurora Borealis Jacket,XXL,Black
480,Aurora Borealis Jacket,XXL,White
481,Sapphire Sparkle Jumpsuit,XS,Red
482,Sapphire Sparkle Jumpsuit,XS,Blue
483,Sapphire Sparkle Jumpsuit,XS,Green
484,Sapphire Sparkle Jumpsuit,XS,Yellow
485,Sapphire Sparkle Jumpsuit,XS,Purple
486,Sapphire Sparkle Jumpsuit,XS,Orange
487,Sapphire Sparkle Jumpsuit,XS,Pink
488,Sapphire Sparkle Jumpsuit,XS,Brown
489,Sapphire Sparkle Jumpsuit,XS,Black
490,Sapphire Sparkle Jumpsuit,XS,White
491,Sapphire Sparkle Jumpsuit,S,Red
492,Sapphire Sparkle Jumpsuit,S,Blue
493,Sapphire Sparkle Jumpsuit,S,Green
494,Sapphire Sparkle Jumpsuit,S,Yellow
495,Sapphire Sparkle Jumpsuit,S,Purple
496,Sapphire Sparkle Jumpsuit,S,Orange
497,Sapphire Sparkle Jumpsuit,S,Pink
498,Sapphire Sparkle Jumpsuit,S,Brown
499,Sapphire Sparkle Jumpsuit,S,Black
500,Sapphire Sparkle Jumpsuit,S,White
501,Sapphire Sparkle Jumpsuit,M,Red
502,Sapphire Sparkle Jumpsuit,M,Blue
503,Sapphire Sparkle Jumpsuit,M,Green
504,Sapphire Sparkle Jumpsuit,M,Yellow
505,Sapphire Sparkle Jumpsuit,M,Purple
506,Sapphire Sparkle Jumpsuit,M,Orange
507,Sapphire Sparkle Jumpsuit,M,Pink
508,Sapphire Sparkle Jumpsuit,M,Brown
509,Sapphire Sparkle Jumpsuit,M,Black
510,Sapphire Sparkle Jumpsuit,M,White
511,Sapphire Sparkle Jumpsuit,L,Red
512,Sapphire Sparkle Jumpsuit,L,Blue
513,Sapphire Sparkle Jumpsuit,L,Green
514,Sapphire Sparkle Jumpsuit,L,Yellow
515,Sapphire Sparkle Jumpsuit,L,Purple
516,Sapphire Sparkle Jumpsuit,L,Orange
517,Sapphire Sparkle Jumpsuit,L,Pink
518,Sapphire Sparkle Jumpsuit,L,Brown
519,Sapphire Sparkle Jumpsuit,L,Black
520,Sapphire Sparkle Jumpsuit,L,White
521,Sapphire Sparkle Jumpsuit,XL,Red
522,Sapphire Sparkle Jumpsuit,XL,Blue
523,Sapphire Sparkle Jumpsuit,XL,Green
524,Sapphire Sparkle Jumpsuit,XL,Yellow
525,Sapphire Sparkle Jumpsuit,XL,Purple
526,Sapphire Sparkle Jumpsuit,XL,Orange
527,Sapphire Sparkle Jumpsuit,XL,Pink
528,Sapphire Sparkle Jumpsuit,XL,Brown
529,Sapphire Sparkle Jumpsuit,XL,Black
530,Sapphire Sparkle Jumpsuit,XL,White
531,Sapphire Sparkle Jumpsuit,XXL,Red
532,Sapphire Sparkle Jumpsuit,XXL,Blue
533,Sapphire Sparkle Jumpsuit,XXL,Green
534,Sapphire Sparkle Jumpsuit,XXL,Yellow
535,Sapphire Sparkle Jumpsuit,XXL,Purple
536,Sapphire Sparkle Jumpsuit,XXL,Orange
537,Sapphire Sparkle Jumpsuit,XXL,Pink
538,Sapphire Sparkle Jumpsuit,XXL,Brown
539,Sapphire Sparkle Jumpsuit,XXL,Black
540,Sapphire Sparkle Jumpsuit,XXL,White
541,Coral Cascade Poncho,XS,Red
542,Coral Cascade Poncho,XS,Blue
543,Coral Cascade Poncho,XS,Green
544,Coral Cascade Poncho,XS,Yellow
545,Coral Cascade Poncho,XS,Purple
546,Coral Cascade Poncho,XS,Orange
547,Coral Cascade Poncho,XS,Pink
548,Coral Cascade Poncho,XS,Brown
549,Coral Cascade Poncho,XS,Black
550,Coral Cascade Poncho,XS,White
551,Coral Cascade Poncho,S,Red
552,Coral Cascade Poncho,S,Blue
553,Coral Cascade Poncho,S,Green
554,Coral Cascade Poncho,S,Yellow
555,Coral Cascade Poncho,S,Purple
556,Coral Cascade Poncho,S,Orange
557,Coral Cascade Poncho,S,Pink
558,Coral Cascade Poncho,S,Brown
559,Coral Cascade Poncho,S,Black
560,Coral Cascade Poncho,S,White
561,Coral Cascade Poncho,M,Red
562,Coral Cascade Poncho,M,Blue
563,Coral Cascade Poncho,M,Green
564,Coral Cascade Poncho,M,Yellow
565,Coral Cascade Poncho,M,Purple
566,Coral Cascade Poncho,M,Orange
567,Coral Cascade Poncho,M,Pink
568,Coral Cascade Poncho,M,Brown
569,Coral Cascade Poncho,M,Black
570,Coral Cascade Poncho,M,White
571,Coral Cascade Poncho,L,Red
572,Coral Cascade Poncho,L,Blue
573,Coral Cascade Poncho,L,Green
574,Coral Cascade Poncho,L,Yellow
575,Coral Cascade Poncho,L,Purple
576,Coral Cascade Poncho,L,Orange
577,Coral Cascade Poncho,L,Pink
578,Coral Cascade Poncho,L,Brown
579,Coral Cascade Poncho,L,Black
580,Coral Cascade Poncho,L,White
581,Coral Cascade Poncho,XL,Red
582,Coral Cascade Poncho,XL,Blue
583,Coral Cascade Poncho,XL,Green
584,Coral Cascade Poncho,XL,Yellow
585,Coral Cascade Poncho,XL,Purple
586,Coral Cascade Poncho,XL,Orange
587,Coral Cascade Poncho,XL,Pink
588,Coral Cascade Poncho,XL,Brown
589,Coral Cascade Poncho,XL,Black
590,Coral Cascade Poncho,XL,White
591,Coral Cascade Poncho,XXL,Red
592,Coral Cascade Poncho,XXL,Blue
593,Coral Cascade Poncho,XXL,Green
594,Coral Cascade Poncho,XXL,Yellow
595,Coral Cascade Poncho,XXL,Purple
596,Coral Cascade Poncho,XXL,Orange
597,Coral Cascade Poncho,XXL,Pink
598,Coral Cascade Poncho,XXL,Brown
599,Coral Cascade Poncho,XXL,Black
600,Coral Cascade Poncho,XXL,White
601,Whispering Willow Palazzo Pants,XS,Red
602,Whispering Willow Palazzo Pants,XS,Blue
603,Whispering Willow Palazzo Pants,XS,Green
604,Whispering Willow Palazzo Pants,XS,Yellow
605,Whispering Willow Palazzo Pants,XS,Purple
606,Whispering Willow Palazzo Pants,XS,Orange
607,Whispering Willow Palazzo Pants,XS,Pink
608,Whispering Willow Palazzo Pants,XS,Brown
609,Whispering Willow Palazzo Pants,XS,Black
610,Whispering Willow Palazzo Pants,XS,White
611,Whispering Willow Palazzo Pants,S,Red
612,Whispering Willow Palazzo Pants,S,Blue
613,Whispering Willow Palazzo Pants,S,Green
614,Whispering Willow Palazzo Pants,S,Yellow
615,Whispering Willow Palazzo Pants,S,Purple
616,Whispering Willow Palazzo Pants,S,Orange
617,Whispering Willow Palazzo Pants,S,Pink
618,Whispering Willow Palazzo Pants,S,Brown
619,Whispering Willow Palazzo Pants,S,Black
620,Whispering Willow Palazzo Pants,S,White
621,Whispering Willow Palazzo Pants,M,Red
622,Whispering Willow Palazzo Pants,M,Blue
623,Whispering Willow Palazzo Pants,M,Green
624,Whispering Willow Palazzo Pants,M,Yellow
625,Whispering Willow Palazzo Pants,M,Purple
626,Whispering Willow Palazzo Pants,M,Orange
627,Whispering Willow Palazzo Pants,M,Pink
628,Whispering Willow Palazzo Pants,M,Brown
629,Whispering Willow Palazzo Pants,M,Black
630,Whispering Willow Palazzo Pants,M,White
631,Whispering Willow Palazzo Pants,L,Red
632,Whispering Willow Palazzo Pants,L,Blue
633,Whispering Willow Palazzo Pants,L,Green
634,Whispering Willow Palazzo Pants,L,Yellow
635,Whispering Willow Palazzo Pants,L,Purple
636,Whispering Willow Palazzo Pants,L,Orange
637,Whispering Willow Palazzo Pants,L,Pink
638,Whispering Willow Palazzo Pants,L,Brown
639,Whispering Willow Palazzo Pants,L,Black
640,Whispering Willow Palazzo Pants,L,White
641,Whispering Willow Palazzo Pants,XL,Red
642,Whispering Willow Palazzo Pants,XL,Blue
643,Whispering Willow Palazzo Pants,XL,Green
644,Whispering Willow Palazzo Pants,XL,Yellow
645,Whispering Willow Palazzo Pants,XL,Purple
646,Whispering Willow Palazzo Pants,XL,Orange
647,Whispering Willow Palazzo Pants,XL,Pink
648,Whispering Willow Palazzo Pants,XL,Brown
649,Whispering Willow Palazzo Pants,XL,Black
650,Whispering Willow Palazzo Pants,XL,White
651,Whispering Willow Palazzo Pants,XXL,Red
652,Whispering Willow Palazzo Pants,XXL,Blue
653,Whispering Willow Palazzo Pants,XXL,Green
654,Whispering Willow Palazzo Pants,XXL,Yellow
655,Whispering Willow Palazzo Pants,XXL,Purple
656,Whispering Willow Palazzo Pants,XXL,Orange
657,Whispering Willow Palazzo Pants,XXL,Pink
658,Whispering Willow Palazzo Pants,XXL,Brown
659,Whispering Willow Palazzo Pants,XXL,Black
660,Whispering Willow Palazzo Pants,XXL,White
661,Enchanting Ember Dress,XS,Red
662,Enchanting Ember Dress,XS,Blue
663,Enchanting Ember Dress,XS,Green
664,Enchanting Ember Dress,XS,Yellow
665,Enchanting Ember Dress,XS,Purple
666,Enchanting Ember Dress,XS,Orange
667,Enchanting Ember Dress,XS,Pink
668,Enchanting Ember Dress,XS,Brown
669,Enchanting Ember Dress,XS,Black
670,Enchanting Ember Dress,XS,White
671,Enchanting Ember Dress,S,Red
672,Enchanting Ember Dress,S,Blue
673,Enchanting Ember Dress,S,Green
674,Enchanting Ember Dress,S,Yellow
675,Enchanting Ember Dress,S,Purple
676,Enchanting Ember Dress,S,Orange
677,Enchanting Ember Dress,S,Pink
678,Enchanting Ember Dress,S,Brown
679,Enchanting Ember Dress,S,Black
680,Enchanting Ember Dress,S,White
681,Enchanting Ember Dress,M,Red
682,Enchanting Ember Dress,M,Blue
683,Enchanting Ember Dress,M,Green
684,Enchanting Ember Dress,M,Yellow
685,Enchanting Ember Dress,M,Purple
686,Enchanting Ember Dress,M,Orange
687,Enchanting Ember Dress,M,Pink
688,Enchanting Ember Dress,M,Brown
689,Enchanting Ember Dress,M,Black
690,Enchanting Ember Dress,M,White
691,Enchanting Ember Dress,L,Red
692,Enchanting Ember Dress,L,Blue
693,Enchanting Ember Dress,L,Green
694,Enchanting Ember Dress,L,Yellow
695,Enchanting Ember Dress,L,Purple
696,Enchanting Ember Dress,L,Orange
697,Enchanting Ember Dress,L,Pink
698,Enchanting Ember Dress,L,Brown
699,Enchanting Ember Dress,L,Black
700,Enchanting Ember Dress,L,White
701,Enchanting Ember Dress,XL,Red
702,Enchanting Ember Dress,XL,Blue
703,Enchanting Ember Dress,XL,Green
704,Enchanting Ember Dress,XL,Yellow
705,Enchanting Ember Dress,XL,Purple
706,Enchanting Ember Dress,XL,Orange
707,Enchanting Ember Dress,XL,Pink
708,Enchanting Ember Dress,XL,Brown
709,Enchanting Ember Dress,XL,Black
710,Enchanting Ember Dress,XL,White
711,Enchanting Ember Dress,XXL,Red
712,Enchanting Ember Dress,XXL,Blue
713,Enchanting Ember Dress,XXL,Green
714,Enchanting Ember Dress,XXL,Yellow
715,Enchanting Ember Dress,XXL,Purple
716,Enchanting Ember Dress,XXL,Orange
717,Enchanting Ember Dress,XXL,Pink
718,Enchanting Ember Dress,XXL,Brown
719,Enchanting Ember Dress,XXL,Black
720,Enchanting Ember Dress,XXL,White
721,Orchid Odyssey Leggings,XS,Red
722,Orchid Odyssey Leggings,XS,Blue
723,Orchid Odyssey Leggings,XS,Green
724,Orchid Odyssey Leggings,XS,Yellow
725,Orchid Odyssey Leggings,XS,Purple
726,Orchid Odyssey Leggings,XS,Orange
727,Orchid Odyssey Leggings,XS,Pink
728,Orchid Odyssey Leggings,XS,Brown
729,Orchid Odyssey Leggings,XS,Black
730,Orchid Odyssey Leggings,XS,White
731,Orchid Odyssey Leggings,S,Red
732,Orchid Odyssey Leggings,S,Blue
733,Orchid Odyssey Leggings,S,Green
734,Orchid Odyssey Leggings,S,Yellow
735,Orchid Odyssey Leggings,S,Purple
736,Orchid Odyssey Leggings,S,Orange
737,Orchid Odyssey Leggings,S,Pink
738,Orchid Odyssey Leggings,S,Brown
739,Orchid Odyssey Leggings,S,Black
740,Orchid Odyssey Leggings,S,White
741,Orchid Odyssey Leggings,M,Red
742,Orchid Odyssey Leggings,M,Blue
743,Orchid Odyssey Leggings,M,Green
744,Orchid Odyssey Leggings,M,Yellow
745,Orchid Odyssey Leggings,M,Purple
746,Orchid Odyssey Leggings,M,Orange
747,Orchid Odyssey Leggings,M,Pink
748,Orchid Odyssey Leggings,M,Brown
749,Orchid Odyssey Leggings,M,Black
750,Orchid Odyssey Leggings,M,White
751,Orchid Odyssey Leggings,L,Red
752,Orchid Odyssey Leggings,L,Blue
753,Orchid Odyssey Leggings,L,Green
754,Orchid Odyssey Leggings,L,Yellow
755,Orchid Odyssey Leggings,L,Purple
756,Orchid Odyssey Leggings,L,Orange
757,Orchid Odyssey Leggings,L,Pink
758,Orchid Odyssey Leggings,L,Brown
759,Orchid Odyssey Leggings,L,Black
760,Orchid Odyssey Leggings,L,White
761,Orchid Odyssey Leggings,XL,Red
762,Orchid Odyssey Leggings,XL,Blue
763,Orchid Odyssey Leggings,XL,Green
764,Orchid Odyssey Leggings,XL,Yellow
765,Orchid Odyssey Leggings,XL,Purple
766,Orchid Odyssey Leggings,XL,Orange
767,Orchid Odyssey Leggings,XL,Pink
768,Orchid Odyssey Leggings,XL,Brown
769,Orchid Odyssey Leggings,XL,Black
770,Orchid Odyssey Leggings,XL,White
771,Orchid Odyssey Leggings,XXL,Red
772,Orchid Odyssey Leggings,XXL,Blue
773,Orchid Odyssey Leggings,XXL,Green
774,Orchid Odyssey Leggings,XXL,Yellow
775,Orchid Odyssey Leggings,XXL,Purple
776,Orchid Odyssey Leggings,XXL,Orange
777,Orchid Odyssey Leggings,XXL,Pink
778,Orchid Odyssey Leggings,XXL,Brown
779,Orchid Odyssey Leggings,XXL,Black
780,Orchid Odyssey Leggings,XXL,White
781,Moonlit Mirage Maxi Skirt,XS,Red
782,Moonlit Mirage Maxi Skirt,XS,Blue
783,Moonlit Mirage Maxi Skirt,XS,Green
784,Moonlit Mirage Maxi Skirt,XS,Yellow
785,Moonlit Mirage Maxi Skirt,XS,Purple
786,Moonlit Mirage Maxi Skirt,XS,Orange
787,Moonlit Mirage Maxi Skirt,XS,Pink
788,Moonlit Mirage Maxi Skirt,XS,Brown
789,Moonlit Mirage Maxi Skirt,XS,Black
790,Moonlit Mirage Maxi Skirt,XS,White
791,Moonlit Mirage Maxi Skirt,S,Red
792,Moonlit Mirage Maxi Skirt,S,Blue
793,Moonlit Mirage Maxi Skirt,S,Green
794,Moonlit Mirage Maxi Skirt,S,Yellow
795,Moonlit Mirage Maxi Skirt,S,Purple
796,Moonlit Mirage Maxi Skirt,S,Orange
797,Moonlit Mirage Maxi Skirt,S,Pink
798,Moonlit Mirage Maxi Skirt,S,Brown
799,Moonlit Mirage Maxi Skirt,S,Black
800,Moonlit Mirage Maxi Skirt,S,White
801,Moonlit Mirage Maxi Skirt,M,Red
802,Moonlit Mirage Maxi Skirt,M,Blue
803,Moonlit Mirage Maxi Skirt,M,Green
804,Moonlit Mirage Maxi Skirt,M,Yellow
805,Moonlit Mirage Maxi Skirt,M,Purple
806,Moonlit Mirage Maxi Skirt,M,Orange
807,Moonlit Mirage Maxi Skirt,M,Pink
808,Moonlit Mirage Maxi Skirt,M,Brown
809,Moonlit Mirage Maxi Skirt,M,Black
810,Moonlit Mirage Maxi Skirt,M,White
811,Moonlit Mirage Maxi Skirt,L,Red
812,Moonlit Mirage Maxi Skirt,L,Blue
813,Moonlit Mirage Maxi Skirt,L,Green
814,Moonlit Mirage Maxi Skirt,L,Yellow
815,Moonlit Mirage Maxi Skirt,L,Purple
816,Moonlit Mirage Maxi Skirt,L,Orange
817,Moonlit Mirage Maxi Skirt,L,Pink
818,Moonlit Mirage Maxi Skirt,L,Brown
819,Moonlit Mirage Maxi Skirt,L,Black
820,Moonlit Mirage Maxi Skirt,L,White
821,Moonlit Mirage Maxi Skirt,XL,Red
822,Moonlit Mirage Maxi Skirt,XL,Blue
823,Moonlit Mirage Maxi Skirt,XL,Green
824,Moonlit Mirage Maxi Skirt,XL,Yellow
825,Moonlit Mirage Maxi Skirt,XL,Purple
826,Moonlit Mirage Maxi Skirt,XL,Orange
827,Moonlit Mirage Maxi Skirt,XL,Pink
828,Moonlit Mirage Maxi Skirt,XL,Brown
829,Moonlit Mirage Maxi Skirt,XL,Black
830,Moonlit Mirage Maxi Skirt,XL,White
831,Moonlit Mirage Maxi Skirt,XXL,Red
832,Moonlit Mirage Maxi Skirt,XXL,Blue
833,Moonlit Mirage Maxi Skirt,XXL,Green
834,Moonlit Mirage Maxi Skirt,XXL,Yellow
835,Moonlit Mirage Maxi Skirt,XXL,Purple
836,Moonlit Mirage Maxi Skirt,XXL,Orange
837,Moonlit Mirage Maxi Skirt,XXL,Pink
838,Moonlit Mirage Maxi Skirt,XXL,Brown
839,Moonlit Mirage Maxi Skirt,XXL,Black
840,Moonlit Mirage Maxi Skirt,XXL,White
841,Harmony Hues Cardigan,XS,Red
842,Harmony Hues Cardigan,XS,Blue
843,Harmony Hues Cardigan,XS,Green
844,Harmony Hues Cardigan,XS,Yellow
845,Harmony Hues Cardigan,XS,Purple
846,Harmony Hues Cardigan,XS,Orange
847,Harmony Hues Cardigan,XS,Pink
848,Harmony Hues Cardigan,XS,Brown
849,Harmony Hues Cardigan,XS,Black
850,Harmony Hues Cardigan,XS,White
851,Harmony Hues Cardigan,S,Red
852,Harmony Hues Cardigan,S,Blue
853,Harmony Hues Cardigan,S,Green
854,Harmony Hues Cardigan,S,Yellow
855,Harmony Hues Cardigan,S,Purple
856,Harmony Hues Cardigan,S,Orange
857,Harmony Hues Cardigan,S,Pink
858,Harmony Hues Cardigan,S,Brown
859,Harmony Hues Cardigan,S,Black
860,Harmony Hues Cardigan,S,White
861,Harmony Hues Cardigan,M,Red
862,Harmony Hues Cardigan,M,Blue
863,Harmony Hues Cardigan,M,Green
864,Harmony Hues Cardigan,M,Yellow
865,Harmony Hues Cardigan,M,Purple
866,Harmony Hues Cardigan,M,Orange
867,Harmony Hues Cardigan,M,Pink
868,Harmony Hues Cardigan,M,Brown
869,Harmony Hues Cardigan,M,Black
870,Harmony Hues Cardigan,M,White
871,Harmony Hues Cardigan,L,Red
872,Harmony Hues Cardigan,L,Blue
873,Harmony Hues Cardigan,L,Green
874,Harmony Hues Cardigan,L,Yellow
875,Harmony Hues Cardigan,L,Purple
876,Harmony Hues Cardigan,L,Orange
877,Harmony Hues Cardigan,L,Pink
878,Harmony Hues Cardigan,L,Brown
879,Harmony Hues Cardigan,L,Black
880,Harmony Hues Cardigan,L,White
881,Harmony Hues Cardigan,XL,Red
882,Harmony Hues Cardigan,XL,Blue
883,Harmony Hues Cardigan,XL,Green
884,Harmony Hues Cardigan,XL,Yellow
885,Harmony Hues Cardigan,XL,Purple
886,Harmony Hues Cardigan,XL,Orange
887,Harmony Hues Cardigan,XL,Pink
888,Harmony Hues Cardigan,XL,Brown
889,Harmony Hues Cardigan,XL,Black
890,Harmony Hues Cardigan,XL,White
891,Harmony Hues Cardigan,XXL,Red
892,Harmony Hues Cardigan,XXL,Blue
893,Harmony Hues Cardigan,XXL,Green
894,Harmony Hues Cardigan,XXL,Yellow
895,Harmony Hues Cardigan,XXL,Purple
896,Harmony Hues Cardigan,XXL,Orange
897,Harmony Hues Cardigan,XXL,Pink
898,Harmony Hues Cardigan,XXL,Brown
899,Harmony Hues Cardigan,XXL,Black
900,Harmony Hues Cardigan,XXL,White
901,Dewdrop Dream Camisole,XS,Red
902,Dewdrop Dream Camisole,XS,Blue
903,Dewdrop Dream Camisole,XS,Green
904,Dewdrop Dream Camisole,XS,Yellow
905,Dewdrop Dream Camisole,XS,Purple
906,Dewdrop Dream Camisole,XS,Orange
907,Dewdrop Dream Camisole,XS,Pink
908,Dewdrop Dream Camisole,XS,Brown
909,Dewdrop Dream Camisole,XS,Black
910,Dewdrop Dream Camisole,XS,White
911,Dewdrop Dream Camisole,S,Red
912,Dewdrop Dream Camisole,S,Blue
913,Dewdrop Dream Camisole,S,Green
914,Dewdrop Dream Camisole,S,Yellow
915,Dewdrop Dream Camisole,S,Purple
916,Dewdrop Dream Camisole,S,Orange
917,Dewdrop Dream Camisole,S,Pink
918,Dewdrop Dream Camisole,S,Brown
919,Dewdrop Dream Camisole,S,Black
920,Dewdrop Dream Camisole,S,White
921,Dewdrop Dream Camisole,M,Red
922,Dewdrop Dream Camisole,M,Blue
923,Dewdrop Dream Camisole,M,Green
924,Dewdrop Dream Camisole,M,Yellow
925,Dewdrop Dream Camisole,M,Purple
926,Dewdrop Dream Camisole,M,Orange
927,Dewdrop Dream Camisole,M,Pink
928,Dewdrop Dream Camisole,M,Brown
929,Dewdrop Dream Camisole,M,Black
930,Dewdrop Dream Camisole,M,White
931,Dewdrop Dream Camisole,L,Red
932,Dewdrop Dream Camisole,L,Blue
933,Dewdrop Dream Camisole,L,Green
934,Dewdrop Dream Camisole,L,Yellow
935,Dewdrop Dream Camisole,L,Purple
936,Dewdrop Dream Camisole,L,Orange
937,Dewdrop Dream Camisole,L,Pink
938,Dewdrop Dream Camisole,L,Brown
939,Dewdrop Dream Camisole,L,Black
940,Dewdrop Dream Camisole,L,White
941,Dewdrop Dream Camisole,XL,Red
942,Dewdrop Dream Camisole,XL,Blue
943,Dewdrop Dream Camisole,XL,Green
944,Dewdrop Dream Camisole,XL,Yellow
945,Dewdrop Dream Camisole,XL,Purple
946,Dewdrop Dream Camisole,XL,Orange
947,Dewdrop Dream Camisole,XL,Pink
948,Dewdrop Dream Camisole,XL,Brown
949,Dewdrop Dream Camisole,XL,Black
950,Dewdrop Dream Camisole,XL,White
951,Dewdrop Dream Camisole,XXL,Red
952,Dewdrop Dream Camisole,XXL,Blue
953,Dewdrop Dream Camisole,XXL,Green
954,Dewdrop Dream Camisole,XXL,Yellow
955,Dewdrop Dream Camisole,XXL,Purple
956,Dewdrop Dream Camisole,XXL,Orange
957,Dewdrop Dream Camisole,XXL,Pink
958,Dewdrop Dream Camisole,XXL,Brown
959,Dewdrop Dream Camisole,XXL,Black
960,Dewdrop Dream Camisole,XXL,White
961,Mystic Meadows Kimono,XS,Red
962,Mystic Meadows Kimono,XS,Blue
963,Mystic Meadows Kimono,XS,Green
964,Mystic Meadows Kimono,XS,Yellow
965,Mystic Meadows Kimono,XS,Purple
966,Mystic Meadows Kimono,XS,Orange
967,Mystic Meadows Kimono,XS,Pink
968,Mystic Meadows Kimono,XS,Brown
969,Mystic Meadows Kimono,XS,Black
970,Mystic Meadows Kimono,XS,White
971,Mystic Meadows Kimono,S,Red
972,Mystic Meadows Kimono,S,Blue
973,Mystic Meadows Kimono,S,Green
974,Mystic Meadows Kimono,S,Yellow
975,Mystic Meadows Kimono,S,Purple
976,Mystic Meadows Kimono,S,Orange
977,Mystic Meadows Kimono,S,Pink
978,Mystic Meadows Kimono,S,Brown
979,Mystic Meadows Kimono,S,Black
980,Mystic Meadows Kimono,S,White
981,Mystic Meadows Kimono,M,Red
982,Mystic Meadows Kimono,M,Blue
983,Mystic Meadows Kimono,M,Green
984,Mystic Meadows Kimono,M,Yellow
985,Mystic Meadows Kimono,M,Purple
986,Mystic Meadows Kimono,M,Orange
987,Mystic Meadows Kimono,M,Pink
988,Mystic Meadows Kimono,M,Brown
989,Mystic Meadows Kimono,M,Black
990,Mystic Meadows Kimono,M,White
991,Mystic Meadows Kimono,L,Red
992,Mystic Meadows Kimono,L,Blue
993,Mystic Meadows Kimono,L,Green
994,Mystic Meadows Kimono,L,Yellow
995,Mystic Meadows Kimono,L,Purple
996,Mystic Meadows Kimono,L,Orange
997,Mystic Meadows Kimono,L,Pink
998,Mystic Meadows Kimono,L,Brown
999,Mystic Meadows Kimono,L,Black
1000,Mystic Meadows Kimono,L,White
1001,Mystic Meadows Kimono,XL,Red
1002,Mystic Meadows Kimono,XL,Blue
1003,Mystic Meadows Kimono,XL,Green
1004,Mystic Meadows Kimono,XL,Yellow
1005,Mystic Meadows Kimono,XL,Purple
1006,Mystic Meadows Kimono,XL,Orange
1007,Mystic Meadows Kimono,XL,Pink
1008,Mystic Meadows Kimono,XL,Brown
1009,Mystic Meadows Kimono,XL,Black
1010,Mystic Meadows Kimono,XL,White
1011,Mystic Meadows Kimono,XXL,Red
1012,Mystic Meadows Kimono,XXL,Blue
1013,Mystic Meadows Kimono,XXL,Green
1014,Mystic Meadows Kimono,XXL,Yellow
1015,Mystic Meadows Kimono,XXL,Purple
1016,Mystic Meadows Kimono,XXL,Orange
1017,Mystic Meadows Kimono,XXL,Pink
1018,Mystic Meadows Kimono,XXL,Brown
1019,Mystic Meadows Kimono,XXL,Black
1020,Mystic Meadows Kimono,XXL,White
1021,Radiant Raven Culottes,XS,Red
1022,Radiant Raven Culottes,XS,Blue
1023,Radiant Raven Culottes,XS,Green
1024,Radiant Raven Culottes,XS,Yellow
1025,Radiant Raven Culottes,XS,Purple
1026,Radiant Raven Culottes,XS,Orange
1027,Radiant Raven Culottes,XS,Pink
1028,Radiant Raven Culottes,XS,Brown
1029,Radiant Raven Culottes,XS,Black
1030,Radiant Raven Culottes,XS,White
1031,Radiant Raven Culottes,S,Red
1032,Radiant Raven Culottes,S,Blue
1033,Radiant Raven Culottes,S,Green
1034,Radiant Raven Culottes,S,Yellow
1035,Radiant Raven Culottes,S,Purple
1036,Radiant Raven Culottes,S,Orange
1037,Radiant Raven Culottes,S,Pink
1038,Radiant Raven Culottes,S,Brown
1039,Radiant Raven Culottes,S,Black
1040,Radiant Raven Culottes,S,White
1041,Radiant Raven Culottes,M,Red
1042,Radiant Raven Culottes,M,Blue
1043,Radiant Raven Culottes,M,Green
1044,Radiant Raven Culottes,M,Yellow
1045,Radiant Raven Culottes,M,Purple
1046,Radiant Raven Culottes,M,Orange
1047,Radiant Raven Culottes,M,Pink
1048,Radiant Raven Culottes,M,Brown
1049,Radiant Raven Culottes,M,Black
1050,Radiant Raven Culottes,M,White
1051,Radiant Raven Culottes,L,Red
1052,Radiant Raven Culottes,L,Blue
1053,Radiant Raven Culottes,L,Green
1054,Radiant Raven Culottes,L,Yellow
1055,Radiant Raven Culottes,L,Purple
1056,Radiant Raven Culottes,L,Orange
1057,Radiant Raven Culottes,L,Pink
1058,Radiant Raven Culottes,L,Brown
1059,Radiant Raven Culottes,L,Black
1060,Radiant Raven Culottes,L,White
1061,Radiant Raven Culottes,XL,Red
1062,Radiant Raven Culottes,XL,Blue
1063,Radiant Raven Culottes,XL,Green
1064,Radiant Raven Culottes,XL,Yellow
1065,Radiant Raven Culottes,XL,Purple
1066,Radiant Raven Culottes,XL,Orange
1067,Radiant Raven Culottes,XL,Pink
1068,Radiant Raven Culottes,XL,Brown
1069,Radiant Raven Culottes,XL,Black
1070,Radiant Raven Culottes,XL,White
1071,Radiant Raven Culottes,XXL,Red
1072,Radiant Raven Culottes,XXL,Blue
1073,Radiant Raven Culottes,XXL,Green
1074,Radiant Raven Culottes,XXL,Yellow
1075,Radiant Raven Culottes,XXL,Purple
1076,Radiant Raven Culottes,XXL,Orange
1077,Radiant Raven Culottes,XXL,Pink
1078,Radiant Raven Culottes,XXL,Brown
1079,Radiant Raven Culottes,XXL,Black
1080,Radiant Raven Culottes,XXL,White
1081,Starlight Symphony Gown,XS,Red
1082,Starlight Symphony Gown,XS,Blue
1083,Starlight Symphony Gown,XS,Green
1084,Starlight Symphony Gown,XS,Yellow
1085,Starlight Symphony Gown,XS,Purple
1086,Starlight Symphony Gown,XS,Orange
1087,Starlight Symphony Gown,XS,Pink
1088,Starlight Symphony Gown,XS,Brown
1089,Starlight Symphony Gown,XS,Black
1090,Starlight Symphony Gown,XS,White
1091,Starlight Symphony Gown,S,Red
1092,Starlight Symphony Gown,S,Blue
1093,Starlight Symphony Gown,S,Green
1094,Starlight Symphony Gown,S,Yellow
1095,Starlight Symphony Gown,S,Purple
1096,Starlight Symphony Gown,S,Orange
1097,Starlight Symphony Gown,S,Pink
1098,Starlight Symphony Gown,S,Brown
1099,Starlight Symphony Gown,S,Black
1100,Starlight Symphony Gown,S,White
1101,Starlight Symphony Gown,M,Red
1102,Starlight Symphony Gown,M,Blue
1103,Starlight Symphony Gown,M,Green
1104,Starlight Symphony Gown,M,Yellow
1105,Starlight Symphony Gown,M,Purple
1106,Starlight Symphony Gown,M,Orange
1107,Starlight Symphony Gown,M,Pink
1108,Starlight Symphony Gown,M,Brown
1109,Starlight Symphony Gown,M,Black
1110,Starlight Symphony Gown,M,White
1111,Starlight Symphony Gown,L,Red
1112,Starlight Symphony Gown,L,Blue
1113,Starlight Symphony Gown,L,Green
1114,Starlight Symphony Gown,L,Yellow
1115,Starlight Symphony Gown,L,Purple
1116,Starlight Symphony Gown,L,Orange
1117,Starlight Symphony Gown,L,Pink
1118,Starlight Symphony Gown,L,Brown
1119,Starlight Symphony Gown,L,Black
1120,Starlight Symphony Gown,L,White
1121,Starlight Symphony Gown,XL,Red
1122,Starlight Symphony Gown,XL,Blue
1123,Starlight Symphony Gown,XL,Green
1124,Starlight Symphony Gown,XL,Yellow
1125,Starlight Symphony Gown,XL,Purple
1126,Starlight Symphony Gown,XL,Orange
1127,Starlight Symphony Gown,XL,Pink
1128,Starlight Symphony Gown,XL,Brown
1129,Starlight Symphony Gown,XL,Black
1130,Starlight Symphony Gown,XL,White
1131,Starlight Symphony Gown,XXL,Red
1132,Starlight Symphony Gown,XXL,Blue
1133,Starlight Symphony Gown,XXL,Green
1134,Starlight Symphony Gown,XXL,Yellow
1135,Starlight Symphony Gown,XXL,Purple
1136,Starlight Symphony Gown,XXL,Orange
1137,Starlight Symphony Gown,XXL,Pink
1138,Starlight Symphony Gown,XXL,Brown
1139,Starlight Symphony Gown,XXL,Black
1140,Starlight Symphony Gown,XXL,White
1141,Velvet Vortex Blazer,XS,Red
1142,Velvet Vortex Blazer,XS,Blue
1143,Velvet Vortex Blazer,XS,Green
1144,Velvet Vortex Blazer,XS,Yellow
1145,Velvet Vortex Blazer,XS,Purple
1146,Velvet Vortex Blazer,XS,Orange
1147,Velvet Vortex Blazer,XS,Pink
1148,Velvet Vortex Blazer,XS,Brown
1149,Velvet Vortex Blazer,XS,Black
1150,Velvet Vortex Blazer,XS,White
1151,Velvet Vortex Blazer,S,Red
1152,Velvet Vortex Blazer,S,Blue
1153,Velvet Vortex Blazer,S,Green
1154,Velvet Vortex Blazer,S,Yellow
1155,Velvet Vortex Blazer,S,Purple
1156,Velvet Vortex Blazer,S,Orange
1157,Velvet Vortex Blazer,S,Pink
1158,Velvet Vortex Blazer,S,Brown
1159,Velvet Vortex Blazer,S,Black
1160,Velvet Vortex Blazer,S,White
1161,Velvet Vortex Blazer,M,Red
1162,Velvet Vortex Blazer,M,Blue
1163,Velvet Vortex Blazer,M,Green
1164,Velvet Vortex Blazer,M,Yellow
1165,Velvet Vortex Blazer,M,Purple
1166,Velvet Vortex Blazer,M,Orange
1167,Velvet Vortex Blazer,M,Pink
1168,Velvet Vortex Blazer,M,Brown
1169,Velvet Vortex Blazer,M,Black
1170,Velvet Vortex Blazer,M,White
1171,Velvet Vortex Blazer,L,Red
1172,Velvet Vortex Blazer,L,Blue
1173,Velvet Vortex Blazer,L,Green
1174,Velvet Vortex Blazer,L,Yellow
1175,Velvet Vortex Blazer,L,Purple
1176,Velvet Vortex Blazer,L,Orange
1177,Velvet Vortex Blazer,L,Pink
1178,Velvet Vortex Blazer,L,Brown
1179,Velvet Vortex Blazer,L,Black
1180,Velvet Vortex Blazer,L,White
1181,Velvet Vortex Blazer,XL,Red
1182,Velvet Vortex Blazer,XL,Blue
1183,Velvet Vortex Blazer,XL,Green
1184,Velvet Vortex Blazer,XL,Yellow
1185,Velvet Vortex Blazer,XL,Purple
1186,Velvet Vortex Blazer,XL,Orange
1187,Velvet Vortex Blazer,XL,Pink
1188,Velvet Vortex Blazer,XL,Brown
1189,Velvet Vortex Blazer,XL,Black
1190,Velvet Vortex Blazer,XL,White
1191,Velvet Vortex Blazer,XXL,Red
1192,Velvet Vortex Blazer,XXL,Blue
1193,Velvet Vortex Blazer,XXL,Green
1194,Velvet Vortex Blazer,XXL,Yellow
1195,Velvet Vortex Blazer,XXL,Purple
1196,Velvet Vortex Blazer,XXL,Orange
1197,Velvet Vortex Blazer,XXL,Pink
1198,Velvet Vortex Blazer,XXL,Brown
1199,Velvet Vortex Blazer,XXL,Black
1200,Velvet Vortex Blazer,XXL,White
1201,Blossom Breeze Romper,XS,Red
1202,Blossom Breeze Romper,XS,Blue
1203,Blossom Breeze Romper,XS,Green
1204,Blossom Breeze Romper,XS,Yellow
1205,Blossom Breeze Romper,XS,Purple
1206,Blossom Breeze Romper,XS,Orange
1207,Blossom Breeze Romper,XS,Pink
1208,Blossom Breeze Romper,XS,Brown
1209,Blossom Breeze Romper,XS,Black
1210,Blossom Breeze Romper,XS,White
1211,Blossom Breeze Romper,S,Red
1212,Blossom Breeze Romper,S,Blue
1213,Blossom Breeze Romper,S,Green
1214,Blossom Breeze Romper,S,Yellow
1215,Blossom Breeze Romper,S,Purple
1216,Blossom Breeze Romper,S,Orange
1217,Blossom Breeze Romper,S,Pink
1218,Blossom Breeze Romper,S,Brown
1219,Blossom Breeze Romper,S,Black
1220,Blossom Breeze Romper,S,White
1221,Blossom Breeze Romper,M,Red
1222,Blossom Breeze Romper,M,Blue
1223,Blossom Breeze Romper,M,Green
1224,Blossom Breeze Romper,M,Yellow
1225,Blossom Breeze Romper,M,Purple
1226,Blossom Breeze Romper,M,Orange
1227,Blossom Breeze Romper,M,Pink
1228,Blossom Breeze Romper,M,Brown
1229,Blossom Breeze Romper,M,Black
1230,Blossom Breeze Romper,M,White
1231,Blossom Breeze Romper,L,Red
1232,Blossom Breeze Romper,L,Blue
1233,Blossom Breeze Romper,L,Green
1234,Blossom Breeze Romper,L,Yellow
1235,Blossom Breeze Romper,L,Purple
1236,Blossom Breeze Romper,L,Orange
1237,Blossom Breeze Romper,L,Pink
1238,Blossom Breeze Romper,L,Brown
1239,Blossom Breeze Romper,L,Black
1240,Blossom Breeze Romper,L,White
1241,Blossom Breeze Romper,XL,Red
1242,Blossom Breeze Romper,XL,Blue
1243,Blossom Breeze Romper,XL,Green
1244,Blossom Breeze Romper,XL,Yellow
1245,Blossom Breeze Romper,XL,Purple
1246,Blossom Breeze Romper,XL,Orange
1247,Blossom Breeze Romper,XL,Pink
1248,Blossom Breeze Romper,XL,Brown
1249,Blossom Breeze Romper,XL,Black
1250,Blossom Breeze Romper,XL,White
1251,Blossom Breeze Romper,XXL,Red
1252,Blossom Breeze Romper,XXL,Blue
1253,Blossom Breeze Romper,XXL,Green
1254,Blossom Breeze Romper,XXL,Yellow
1255,Blossom Breeze Romper,XXL,Purple
1256,Blossom Breeze Romper,XXL,Orange
1257,Blossom Breeze Romper,XXL,Pink
1258,Blossom Breeze Romper,XXL,Brown
1259,Blossom Breeze Romper,XXL,Black
1260,Blossom Breeze Romper,XXL,White
1261,Slate Solace Jeans,XS,Red
1262,Slate Solace Jeans,XS,Blue
1263,Slate Solace Jeans,XS,Green
1264,Slate Solace Jeans,XS,Yellow
1265,Slate Solace Jeans,XS,Purple
1266,Slate Solace Jeans,XS,Orange
1267,Slate Solace Jeans,XS,Pink
1268,Slate Solace Jeans,XS,Brown
1269,Slate Solace Jeans,XS,Black
1270,Slate Solace Jeans,XS,White
1271,Slate Solace Jeans,S,Red
1272,Slate Solace Jeans,S,Blue
1273,Slate Solace Jeans,S,Green
1274,Slate Solace Jeans,S,Yellow
1275,Slate Solace Jeans,S,Purple
1276,Slate Solace Jeans,S,Orange
1277,Slate Solace Jeans,S,Pink
1278,Slate Solace Jeans,S,Brown
1279,Slate Solace Jeans,S,Black
1280,Slate Solace Jeans,S,White
1281,Slate Solace Jeans,M,Red
1282,Slate Solace Jeans,M,Blue
1283,Slate Solace Jeans,M,Green
1284,Slate Solace Jeans,M,Yellow
1285,Slate Solace Jeans,M,Purple
1286,Slate Solace Jeans,M,Orange
1287,Slate Solace Jeans,M,Pink
1288,Slate Solace Jeans,M,Brown
1289,Slate Solace Jeans,M,Black
1290,Slate Solace Jeans,M,White
1291,Slate Solace Jeans,L,Red
1292,Slate Solace Jeans,L,Blue
1293,Slate Solace Jeans,L,Green
1294,Slate Solace Jeans,L,Yellow
1295,Slate Solace Jeans,L,Purple
1296,Slate Solace Jeans,L,Orange
1297,Slate Solace Jeans,L,Pink
1298,Slate Solace Jeans,L,Brown
1299,Slate Solace Jeans,L,Black
1300,Slate Solace Jeans,L,White
1301,Slate Solace Jeans,XL,Red
1302,Slate Solace Jeans,XL,Blue
1303,Slate Solace Jeans,XL,Green
1304,Slate Solace Jeans,XL,Yellow
1305,Slate Solace Jeans,XL,Purple
1306,Slate Solace Jeans,XL,Orange
1307,Slate Solace Jeans,XL,Pink
1308,Slate Solace Jeans,XL,Brown
1309,Slate Solace Jeans,XL,Black
1310,Slate Solace Jeans,XL,White
1311,Slate Solace Jeans,XXL,Red
1312,Slate Solace Jeans,XXL,Blue
1313,Slate Solace Jeans,XXL,Green
1314,Slate Solace Jeans,XXL,Yellow
1315,Slate Solace Jeans,XXL,Purple
1316,Slate Solace Jeans,XXL,Orange
1317,Slate Solace Jeans,XXL,Pink
1318,Slate Solace Jeans,XXL,Brown
1319,Slate Solace Jeans,XXL,Black
1320,Slate Solace Jeans,XXL,White
1321,Thunderstrike Trousers,XS,Red
1322,Thunderstrike Trousers,XS,Blue
1323,Thunderstrike Trousers,XS,Green
1324,Thunderstrike Trousers,XS,Yellow
1325,Thunderstrike Trousers,XS,Purple
1326,Thunderstrike Trousers,XS,Orange
1327,Thunderstrike Trousers,XS,Pink
1328,Thunderstrike Trousers,XS,Brown
1329,Thunderstrike Trousers,XS,Black
1330,Thunderstrike Trousers,XS,White
1331,Thunderstrike Trousers,S,Red
1332,Thunderstrike Trousers,S,Blue
1333,Thunderstrike Trousers,S,Green
1334,Thunderstrike Trousers,S,Yellow
1335,Thunderstrike Trousers,S,Purple
1336,Thunderstrike Trousers,S,Orange
1337,Thunderstrike Trousers,S,Pink
1338,Thunderstrike Trousers,S,Brown
1339,Thunderstrike Trousers,S,Black
1340,Thunderstrike Trousers,S,White
1341,Thunderstrike Trousers,M,Red
1342,Thunderstrike Trousers,M,Blue
1343,Thunderstrike Trousers,M,Green
1344,Thunderstrike Trousers,M,Yellow
1345,Thunderstrike Trousers,M,Purple
1346,Thunderstrike Trousers,M,Orange
1347,Thunderstrike Trousers,M,Pink
1348,Thunderstrike Trousers,M,Brown
1349,Thunderstrike Trousers,M,Black
1350,Thunderstrike Trousers,M,White
1351,Thunderstrike Trousers,L,Red
1352,Thunderstrike Trousers,L,Blue
1353,Thunderstrike Trousers,L,Green
1354,Thunderstrike Trousers,L,Yellow
1355,Thunderstrike Trousers,L,Purple
1356,Thunderstrike Trousers,L,Orange
1357,Thunderstrike Trousers,L,Pink
1358,Thunderstrike Trousers,L,Brown
1359,Thunderstrike Trousers,L,Black
1360,Thunderstrike Trousers,L,White
1361,Thunderstrike Trousers,XL,Red
1362,Thunderstrike Trousers,XL,Blue
1363,Thunderstrike Trousers,XL,Green
1364,Thunderstrike Trousers,XL,Yellow
1365,Thunderstrike Trousers,XL,Purple
1366,Thunderstrike Trousers,XL,Orange
1367,Thunderstrike Trousers,XL,Pink
1368,Thunderstrike Trousers,XL,Brown
1369,Thunderstrike Trousers,XL,Black
1370,Thunderstrike Trousers,XL,White
1371,Thunderstrike Trousers,XXL,Red
1372,Thunderstrike Trousers,XXL,Blue
1373,Thunderstrike Trousers,XXL,Green
1374,Thunderstrike Trousers,XXL,Yellow
1375,Thunderstrike Trousers,XXL,Purple
1376,Thunderstrike Trousers,XXL,Orange
1377,Thunderstrike Trousers,XXL,Pink
1378,Thunderstrike Trousers,XXL,Brown
1379,Thunderstrike Trousers,XXL,Black
1380,Thunderstrike Trousers,XXL,White
1381,Obsidian Odyssey Blazer,XS,Red
1382,Obsidian Odyssey Blazer,XS,Blue
1383,Obsidian Odyssey Blazer,XS,Green
1384,Obsidian Odyssey Blazer,XS,Yellow
1385,Obsidian Odyssey Blazer,XS,Purple
1386,Obsidian Odyssey Blazer,XS,Orange
1387,Obsidian Odyssey Blazer,XS,Pink
1388,Obsidian Odyssey Blazer,XS,Brown
1389,Obsidian Odyssey Blazer,XS,Black
1390,Obsidian Odyssey Blazer,XS,White
1391,Obsidian Odyssey Blazer,S,Red
1392,Obsidian Odyssey Blazer,S,Blue
1393,Obsidian Odyssey Blazer,S,Green
1394,Obsidian Odyssey Blazer,S,Yellow
1395,Obsidian Odyssey Blazer,S,Purple
1396,Obsidian Odyssey Blazer,S,Orange
1397,Obsidian Odyssey Blazer,S,Pink
1398,Obsidian Odyssey Blazer,S,Brown
1399,Obsidian Odyssey Blazer,S,Black
1400,Obsidian Odyssey Blazer,S,White
1401,Obsidian Odyssey Blazer,M,Red
1402,Obsidian Odyssey Blazer,M,Blue
1403,Obsidian Odyssey Blazer,M,Green
1404,Obsidian Odyssey Blazer,M,Yellow
1405,Obsidian Odyssey Blazer,M,Purple
1406,Obsidian Odyssey Blazer,M,Orange
1407,Obsidian Odyssey Blazer,M,Pink
1408,Obsidian Odyssey Blazer,M,Brown
1409,Obsidian Odyssey Blazer,M,Black
1410,Obsidian Odyssey Blazer,M,White
1411,Obsidian Odyssey Blazer,L,Red
1412,Obsidian Odyssey Blazer,L,Blue
1413,Obsidian Odyssey Blazer,L,Green
1414,Obsidian Odyssey Blazer,L,Yellow
1415,Obsidian Odyssey Blazer,L,Purple
1416,Obsidian Odyssey Blazer,L,Orange
1417,Obsidian Odyssey Blazer,L,Pink
1418,Obsidian Odyssey Blazer,L,Brown
1419,Obsidian Odyssey Blazer,L,Black
1420,Obsidian Odyssey Blazer,L,White
1421,Obsidian Odyssey Blazer,XL,Red
1422,Obsidian Odyssey Blazer,XL,Blue
1423,Obsidian Odyssey Blazer,XL,Green
1424,Obsidian Odyssey Blazer,XL,Yellow
1425,Obsidian Odyssey Blazer,XL,Purple
1426,Obsidian Odyssey Blazer,XL,Orange
1427,Obsidian Odyssey Blazer,XL,Pink
1428,Obsidian Odyssey Blazer,XL,Brown
1429,Obsidian Odyssey Blazer,XL,Black
1430,Obsidian Odyssey Blazer,XL,White
1431,Obsidian Odyssey Blazer,XXL,Red
1432,Obsidian Odyssey Blazer,XXL,Blue
1433,Obsidian Odyssey Blazer,XXL,Green
1434,Obsidian Odyssey Blazer,XXL,Yellow
1435,Obsidian Odyssey Blazer,XXL,Purple
1436,Obsidian Odyssey Blazer,XXL,Orange
1437,Obsidian Odyssey Blazer,XXL,Pink
1438,Obsidian Odyssey Blazer,XXL,Brown
1439,Obsidian Odyssey Blazer,XXL,Black
1440,Obsidian Odyssey Blazer,XXL,White
1441,Graphite Galaxy Shirt,XS,Red
1442,Graphite Galaxy Shirt,XS,Blue
1443,Graphite Galaxy Shirt,XS,Green
1444,Graphite Galaxy Shirt,XS,Yellow
1445,Graphite Galaxy Shirt,XS,Purple
1446,Graphite Galaxy Shirt,XS,Orange
1447,Graphite Galaxy Shirt,XS,Pink
1448,Graphite Galaxy Shirt,XS,Brown
1449,Graphite Galaxy Shirt,XS,Black
1450,Graphite Galaxy Shirt,XS,White
1451,Graphite Galaxy Shirt,S,Red
1452,Graphite Galaxy Shirt,S,Blue
1453,Graphite Galaxy Shirt,S,Green
1454,Graphite Galaxy Shirt,S,Yellow
1455,Graphite Galaxy Shirt,S,Purple
1456,Graphite Galaxy Shirt,S,Orange
1457,Graphite Galaxy Shirt,S,Pink
1458,Graphite Galaxy Shirt,S,Brown
1459,Graphite Galaxy Shirt,S,Black
1460,Graphite Galaxy Shirt,S,White
1461,Graphite Galaxy Shirt,M,Red
1462,Graphite Galaxy Shirt,M,Blue
1463,Graphite Galaxy Shirt,M,Green
1464,Graphite Galaxy Shirt,M,Yellow
1465,Graphite Galaxy Shirt,M,Purple
1466,Graphite Galaxy Shirt,M,Orange
1467,Graphite Galaxy Shirt,M,Pink
1468,Graphite Galaxy Shirt,M,Brown
1469,Graphite Galaxy Shirt,M,Black
1470,Graphite Galaxy Shirt,M,White
1471,Graphite Galaxy Shirt,L,Red
1472,Graphite Galaxy Shirt,L,Blue
1473,Graphite Galaxy Shirt,L,Green
1474,Graphite Galaxy Shirt,L,Yellow
1475,Graphite Galaxy Shirt,L,Purple
1476,Graphite Galaxy Shirt,L,Orange
1477,Graphite Galaxy Shirt,L,Pink
1478,Graphite Galaxy Shirt,L,Brown
1479,Graphite Galaxy Shirt,L,Black
1480,Graphite Galaxy Shirt,L,White
1481,Graphite Galaxy Shirt,XL,Red
1482,Graphite Galaxy Shirt,XL,Blue
1483,Graphite Galaxy Shirt,XL,Green
1484,Graphite Galaxy Shirt,XL,Yellow
1485,Graphite Galaxy Shirt,XL,Purple
1486,Graphite Galaxy Shirt,XL,Orange
1487,Graphite Galaxy Shirt,XL,Pink
1488,Graphite Galaxy Shirt,XL,Brown
1489,Graphite Galaxy Shirt,XL,Black
1490,Graphite Galaxy Shirt,XL,White
1491,Graphite Galaxy Shirt,XXL,Red
1492,Graphite Galaxy Shirt,XXL,Blue
1493,Graphite Galaxy Shirt,XXL,Green
1494,Graphite Galaxy Shirt,XXL,Yellow
1495,Graphite Galaxy Shirt,XXL,Purple
1496,Graphite Galaxy Shirt,XXL,Orange
1497,Graphite Galaxy Shirt,XXL,Pink
1498,Graphite Galaxy Shirt,XXL,Brown
1499,Graphite Galaxy Shirt,XXL,Black
1500,Graphite Galaxy Shirt,XXL,White
1501,Emberstone Ensemble,XS,Red
1502,Emberstone Ensemble,XS,Blue
1503,Emberstone Ensemble,XS,Green
1504,Emberstone Ensemble,XS,Yellow
1505,Emberstone Ensemble,XS,Purple
1506,Emberstone Ensemble,XS,Orange
1507,Emberstone Ensemble,XS,Pink
1508,Emberstone Ensemble,XS,Brown
1509,Emberstone Ensemble,XS,Black
1510,Emberstone Ensemble,XS,White
1511,Emberstone Ensemble,S,Red
1512,Emberstone Ensemble,S,Blue
1513,Emberstone Ensemble,S,Green
1514,Emberstone Ensemble,S,Yellow
1515,Emberstone Ensemble,S,Purple
1516,Emberstone Ensemble,S,Orange
1517,Emberstone Ensemble,S,Pink
1518,Emberstone Ensemble,S,Brown
1519,Emberstone Ensemble,S,Black
1520,Emberstone Ensemble,S,White
1521,Emberstone Ensemble,M,Red
1522,Emberstone Ensemble,M,Blue
1523,Emberstone Ensemble,M,Green
1524,Emberstone Ensemble,M,Yellow
1525,Emberstone Ensemble,M,Purple
1526,Emberstone Ensemble,M,Orange
1527,Emberstone Ensemble,M,Pink
1528,Emberstone Ensemble,M,Brown
1529,Emberstone Ensemble,M,Black
1530,Emberstone Ensemble,M,White
1531,Emberstone Ensemble,L,Red
1532,Emberstone Ensemble,L,Blue
1533,Emberstone Ensemble,L,Green
1534,Emberstone Ensemble,L,Yellow
1535,Emberstone Ensemble,L,Purple
1536,Emberstone Ensemble,L,Orange
1537,Emberstone Ensemble,L,Pink
1538,Emberstone Ensemble,L,Brown
1539,Emberstone Ensemble,L,Black
1540,Emberstone Ensemble,L,White
1541,Emberstone Ensemble,XL,Red
1542,Emberstone Ensemble,XL,Blue
1543,Emberstone Ensemble,XL,Green
1544,Emberstone Ensemble,XL,Yellow
1545,Emberstone Ensemble,XL,Purple
1546,Emberstone Ensemble,XL,Orange
1547,Emberstone Ensemble,XL,Pink
1548,Emberstone Ensemble,XL,Brown
1549,Emberstone Ensemble,XL,Black
1550,Emberstone Ensemble,XL,White
1551,Emberstone Ensemble,XXL,Red
1552,Emberstone Ensemble,XXL,Blue
1553,Emberstone Ensemble,XXL,Green
1554,Emberstone Ensemble,XXL,Yellow
1555,Emberstone Ensemble,XXL,Purple
1556,Emberstone Ensemble,XXL,Orange
1557,Emberstone Ensemble,XXL,Pink
1558,Emberstone Ensemble,XXL,Brown
1559,Emberstone Ensemble,XXL,Black
1560,Emberstone Ensemble,XXL,White
1561,Nebula Navigator Jacket,XS,Red
1562,Nebula Navigator Jacket,XS,Blue
1563,Nebula Navigator Jacket,XS,Green
1564,Nebula Navigator Jacket,XS,Yellow
1565,Nebula Navigator Jacket,XS,Purple
1566,Nebula Navigator Jacket,XS,Orange
1567,Nebula Navigator Jacket,XS,Pink
1568,Nebula Navigator Jacket,XS,Brown
1569,Nebula Navigator Jacket,XS,Black
1570,Nebula Navigator Jacket,XS,White
1571,Nebula Navigator Jacket,S,Red
1572,Nebula Navigator Jacket,S,Blue
1573,Nebula Navigator Jacket,S,Green
1574,Nebula Navigator Jacket,S,Yellow
1575,Nebula Navigator Jacket,S,Purple
1576,Nebula Navigator Jacket,S,Orange
1577,Nebula Navigator Jacket,S,Pink
1578,Nebula Navigator Jacket,S,Brown
1579,Nebula Navigator Jacket,S,Black
1580,Nebula Navigator Jacket,S,White
1581,Nebula Navigator Jacket,M,Red
1582,Nebula Navigator Jacket,M,Blue
1583,Nebula Navigator Jacket,M,Green
1584,Nebula Navigator Jacket,M,Yellow
1585,Nebula Navigator Jacket,M,Purple
1586,Nebula Navigator Jacket,M,Orange
1587,Nebula Navigator Jacket,M,Pink
1588,Nebula Navigator Jacket,M,Brown
1589,Nebula Navigator Jacket,M,Black
1590,Nebula Navigator Jacket,M,White
1591,Nebula Navigator Jacket,L,Red
1592,Nebula Navigator Jacket,L,Blue
1593,Nebula Navigator Jacket,L,Green
1594,Nebula Navigator Jacket,L,Yellow
1595,Nebula Navigator Jacket,L,Purple
1596,Nebula Navigator Jacket,L,Orange
1597,Nebula Navigator Jacket,L,Pink
1598,Nebula Navigator Jacket,L,Brown
1599,Nebula Navigator Jacket,L,Black
1600,Nebula Navigator Jacket,L,White
1601,Nebula Navigator Jacket,XL,Red
1602,Nebula Navigator Jacket,XL,Blue
1603,Nebula Navigator Jacket,XL,Green
1604,Nebula Navigator Jacket,XL,Yellow
1605,Nebula Navigator Jacket,XL,Purple
1606,Nebula Navigator Jacket,XL,Orange
1607,Nebula Navigator Jacket,XL,Pink
1608,Nebula Navigator Jacket,XL,Brown
1609,Nebula Navigator Jacket,XL,Black
1610,Nebula Navigator Jacket,XL,White
1611,Nebula Navigator Jacket,XXL,Red
1612,Nebula Navigator Jacket,XXL,Blue
1613,Nebula Navigator Jacket,XXL,Green
1614,Nebula Navigator Jacket,XXL,Yellow
1615,Nebula Navigator Jacket,XXL,Purple
1616,Nebula Navigator Jacket,XXL,Orange
1617,Nebula Navigator Jacket,XXL,Pink
1618,Nebula Navigator Jacket,XXL,Brown
1619,Nebula Navigator Jacket,XXL,Black
1620,Nebula Navigator Jacket,XXL,White
1621,Midnight Momentum T-shirt,XS,Red
1622,Midnight Momentum T-shirt,XS,Blue
1623,Midnight Momentum T-shirt,XS,Green
1624,Midnight Momentum T-shirt,XS,Yellow
1625,Midnight Momentum T-shirt,XS,Purple
1626,Midnight Momentum T-shirt,XS,Orange
1627,Midnight Momentum T-shirt,XS,Pink
1628,Midnight Momentum T-shirt,XS,Brown
1629,Midnight Momentum T-shirt,XS,Black
1630,Midnight Momentum T-shirt,XS,White
1631,Midnight Momentum T-shirt,S,Red
1632,Midnight Momentum T-shirt,S,Blue
1633,Midnight Momentum T-shirt,S,Green
1634,Midnight Momentum T-shirt,S,Yellow
1635,Midnight Momentum T-shirt,S,Purple
1636,Midnight Momentum T-shirt,S,Orange
1637,Midnight Momentum T-shirt,S,Pink
1638,Midnight Momentum T-shirt,S,Brown
1639,Midnight Momentum T-shirt,S,Black
1640,Midnight Momentum T-shirt,S,White
1641,Midnight Momentum T-shirt,M,Red
1642,Midnight Momentum T-shirt,M,Blue
1643,Midnight Momentum T-shirt,M,Green
1644,Midnight Momentum T-shirt,M,Yellow
1645,Midnight Momentum T-shirt,M,Purple
1646,Midnight Momentum T-shirt,M,Orange
1647,Midnight Momentum T-shirt,M,Pink
1648,Midnight Momentum T-shirt,M,Brown
1649,Midnight Momentum T-shirt,M,Black
1650,Midnight Momentum T-shirt,M,White
1651,Midnight Momentum T-shirt,L,Red
1652,Midnight Momentum T-shirt,L,Blue
1653,Midnight Momentum T-shirt,L,Green
1654,Midnight Momentum T-shirt,L,Yellow
1655,Midnight Momentum T-shirt,L,Purple
1656,Midnight Momentum T-shirt,L,Orange
1657,Midnight Momentum T-shirt,L,Pink
1658,Midnight Momentum T-shirt,L,Brown
1659,Midnight Momentum T-shirt,L,Black
1660,Midnight Momentum T-shirt,L,White
1661,Midnight Momentum T-shirt,XL,Red
1662,Midnight Momentum T-shirt,XL,Blue
1663,Midnight Momentum T-shirt,XL,Green
1664,Midnight Momentum T-shirt,XL,Yellow
1665,Midnight Momentum T-shirt,XL,Purple
1666,Midnight Momentum T-shirt,XL,Orange
1667,Midnight Momentum T-shirt,XL,Pink
1668,Midnight Momentum T-shirt,XL,Brown
1669,Midnight Momentum T-shirt,XL,Black
1670,Midnight Momentum T-shirt,XL,White
1671,Midnight Momentum T-shirt,XXL,Red
1672,Midnight Momentum T-shirt,XXL,Blue
1673,Midnight Momentum T-shirt,XXL,Green
1674,Midnight Momentum T-shirt,XXL,Yellow
1675,Midnight Momentum T-shirt,XXL,Purple
1676,Midnight Momentum T-shirt,XXL,Orange
1677,Midnight Momentum T-shirt,XXL,Pink
1678,Midnight Momentum T-shirt,XXL,Brown
1679,Midnight Momentum T-shirt,XXL,Black
1680,Midnight Momentum T-shirt,XXL,White
1681,Monsoon Mirage Chinos,XS,Red
1682,Monsoon Mirage Chinos,XS,Blue
1683,Monsoon Mirage Chinos,XS,Green
1684,Monsoon Mirage Chinos,XS,Yellow
1685,Monsoon Mirage Chinos,XS,Purple
1686,Monsoon Mirage Chinos,XS,Orange
1687,Monsoon Mirage Chinos,XS,Pink
1688,Monsoon Mirage Chinos,XS,Brown
1689,Monsoon Mirage Chinos,XS,Black
1690,Monsoon Mirage Chinos,XS,White
1691,Monsoon Mirage Chinos,S,Red
1692,Monsoon Mirage Chinos,S,Blue
1693,Monsoon Mirage Chinos,S,Green
1694,Monsoon Mirage Chinos,S,Yellow
1695,Monsoon Mirage Chinos,S,Purple
1696,Monsoon Mirage Chinos,S,Orange
1697,Monsoon Mirage Chinos,S,Pink
1698,Monsoon Mirage Chinos,S,Brown
1699,Monsoon Mirage Chinos,S,Black
1700,Monsoon Mirage Chinos,S,White
1701,Monsoon Mirage Chinos,M,Red
1702,Monsoon Mirage Chinos,M,Blue
1703,Monsoon Mirage Chinos,M,Green
1704,Monsoon Mirage Chinos,M,Yellow
1705,Monsoon Mirage Chinos,M,Purple
1706,Monsoon Mirage Chinos,M,Orange
1707,Monsoon Mirage Chinos,M,Pink
1708,Monsoon Mirage Chinos,M,Brown
1709,Monsoon Mirage Chinos,M,Black
1710,Monsoon Mirage Chinos,M,White
1711,Monsoon Mirage Chinos,L,Red
1712,Monsoon Mirage Chinos,L,Blue
1713,Monsoon Mirage Chinos,L,Green
1714,Monsoon Mirage Chinos,L,Yellow
1715,Monsoon Mirage Chinos,L,Purple
1716,Monsoon Mirage Chinos,L,Orange
1717,Monsoon Mirage Chinos,L,Pink
1718,Monsoon Mirage Chinos,L,Brown
1719,Monsoon Mirage Chinos,L,Black
1720,Monsoon Mirage Chinos,L,White
1721,Monsoon Mirage Chinos,XL,Red
1722,Monsoon Mirage Chinos,XL,Blue
1723,Monsoon Mirage Chinos,XL,Green
1724,Monsoon Mirage Chinos,XL,Yellow
1725,Monsoon Mirage Chinos,XL,Purple
1726,Monsoon Mirage Chinos,XL,Orange
1727,Monsoon Mirage Chinos,XL,Pink
1728,Monsoon Mirage Chinos,XL,Brown
1729,Monsoon Mirage Chinos,XL,Black
1730,Monsoon Mirage Chinos,XL,White
1731,Monsoon Mirage Chinos,XXL,Red
1732,Monsoon Mirage Chinos,XXL,Blue
1733,Monsoon Mirage Chinos,XXL,Green
1734,Monsoon Mirage Chinos,XXL,Yellow
1735,Monsoon Mirage Chinos,XXL,Purple
1736,Monsoon Mirage Chinos,XXL,Orange
1737,Monsoon Mirage Chinos,XXL,Pink
1738,Monsoon Mirage Chinos,XXL,Brown
1739,Monsoon Mirage Chinos,XXL,Black
1740,Monsoon Mirage Chinos,XXL,White
1741,Onyx Overdrive Overcoat,XS,Red
1742,Onyx Overdrive Overcoat,XS,Blue
1743,Onyx Overdrive Overcoat,XS,Green
1744,Onyx Overdrive Overcoat,XS,Yellow
1745,Onyx Overdrive Overcoat,XS,Purple
1746,Onyx Overdrive Overcoat,XS,Orange
1747,Onyx Overdrive Overcoat,XS,Pink
1748,Onyx Overdrive Overcoat,XS,Brown
1749,Onyx Overdrive Overcoat,XS,Black
1750,Onyx Overdrive Overcoat,XS,White
1751,Onyx Overdrive Overcoat,S,Red
1752,Onyx Overdrive Overcoat,S,Blue
1753,Onyx Overdrive Overcoat,S,Green
1754,Onyx Overdrive Overcoat,S,Yellow
1755,Onyx Overdrive Overcoat,S,Purple
1756,Onyx Overdrive Overcoat,S,Orange
1757,Onyx Overdrive Overcoat,S,Pink
1758,Onyx Overdrive Overcoat,S,Brown
1759,Onyx Overdrive Overcoat,S,Black
1760,Onyx Overdrive Overcoat,S,White
1761,Onyx Overdrive Overcoat,M,Red
1762,Onyx Overdrive Overcoat,M,Blue
1763,Onyx Overdrive Overcoat,M,Green
1764,Onyx Overdrive Overcoat,M,Yellow
1765,Onyx Overdrive Overcoat,M,Purple
1766,Onyx Overdrive Overcoat,M,Orange
1767,Onyx Overdrive Overcoat,M,Pink
1768,Onyx Overdrive Overcoat,M,Brown
1769,Onyx Overdrive Overcoat,M,Black
1770,Onyx Overdrive Overcoat,M,White
1771,Onyx Overdrive Overcoat,L,Red
1772,Onyx Overdrive Overcoat,L,Blue
1773,Onyx Overdrive Overcoat,L,Green
1774,Onyx Overdrive Overcoat,L,Yellow
1775,Onyx Overdrive Overcoat,L,Purple
1776,Onyx Overdrive Overcoat,L,Orange
1777,Onyx Overdrive Overcoat,L,Pink
1778,Onyx Overdrive Overcoat,L,Brown
1779,Onyx Overdrive Overcoat,L,Black
1780,Onyx Overdrive Overcoat,L,White
1781,Onyx Overdrive Overcoat,XL,Red
1782,Onyx Overdrive Overcoat,XL,Blue
1783,Onyx Overdrive Overcoat,XL,Green
1784,Onyx Overdrive Overcoat,XL,Yellow
1785,Onyx Overdrive Overcoat,XL,Purple
1786,Onyx Overdrive Overcoat,XL,Orange
1787,Onyx Overdrive Overcoat,XL,Pink
1788,Onyx Overdrive Overcoat,XL,Brown
1789,Onyx Overdrive Overcoat,XL,Black
1790,Onyx Overdrive Overcoat,XL,White
1791,Onyx Overdrive Overcoat,XXL,Red
1792,Onyx Overdrive Overcoat,XXL,Blue
1793,Onyx Overdrive Overcoat,XXL,Green
1794,Onyx Overdrive Overcoat,XXL,Yellow
1795,Onyx Overdrive Overcoat,XXL,Purple
1796,Onyx Overdrive Overcoat,XXL,Orange
1797,Onyx Overdrive Overcoat,XXL,Pink
1798,Onyx Overdrive Overcoat,XXL,Brown
1799,Onyx Overdrive Overcoat,XXL,Black
1800,Onyx Overdrive Overcoat,XXL,White
1801,Cobalt Cascade Cargo Pants,XS,Red
1802,Cobalt Cascade Cargo Pants,XS,Blue
1803,Cobalt Cascade Cargo Pants,XS,Green
1804,Cobalt Cascade Cargo Pants,XS,Yellow
1805,Cobalt Cascade Cargo Pants,XS,Purple
1806,Cobalt Cascade Cargo Pants,XS,Orange
1807,Cobalt Cascade Cargo Pants,XS,Pink
1808,Cobalt Cascade Cargo Pants,XS,Brown
1809,Cobalt Cascade Cargo Pants,XS,Black
1810,Cobalt Cascade Cargo Pants,XS,White
1811,Cobalt Cascade Cargo Pants,S,Red
1812,Cobalt Cascade Cargo Pants,S,Blue
1813,Cobalt Cascade Cargo Pants,S,Green
1814,Cobalt Cascade Cargo Pants,S,Yellow
1815,Cobalt Cascade Cargo Pants,S,Purple
1816,Cobalt Cascade Cargo Pants,S,Orange
1817,Cobalt Cascade Cargo Pants,S,Pink
1818,Cobalt Cascade Cargo Pants,S,Brown
1819,Cobalt Cascade Cargo Pants,S,Black
1820,Cobalt Cascade Cargo Pants,S,White
1821,Cobalt Cascade Cargo Pants,M,Red
1822,Cobalt Cascade Cargo Pants,M,Blue
1823,Cobalt Cascade Cargo Pants,M,Green
1824,Cobalt Cascade Cargo Pants,M,Yellow
1825,Cobalt Cascade Cargo Pants,M,Purple
1826,Cobalt Cascade Cargo Pants,M,Orange
1827,Cobalt Cascade Cargo Pants,M,Pink
1828,Cobalt Cascade Cargo Pants,M,Brown
1829,Cobalt Cascade Cargo Pants,M,Black
1830,Cobalt Cascade Cargo Pants,M,White
1831,Cobalt Cascade Cargo Pants,L,Red
1832,Cobalt Cascade Cargo Pants,L,Blue
1833,Cobalt Cascade Cargo Pants,L,Green
1834,Cobalt Cascade Cargo Pants,L,Yellow
1835,Cobalt Cascade Cargo Pants,L,Purple
1836,Cobalt Cascade Cargo Pants,L,Orange
1837,Cobalt Cascade Cargo Pants,L,Pink
1838,Cobalt Cascade Cargo Pants,L,Brown
1839,Cobalt Cascade Cargo Pants,L,Black
1840,Cobalt Cascade Cargo Pants,L,White
1841,Cobalt Cascade Cargo Pants,XL,Red
1842,Cobalt Cascade Cargo Pants,XL,Blue
1843,Cobalt Cascade Cargo Pants,XL,Green
1844,Cobalt Cascade Cargo Pants,XL,Yellow
1845,Cobalt Cascade Cargo Pants,XL,Purple
1846,Cobalt Cascade Cargo Pants,XL,Orange
1847,Cobalt Cascade Cargo Pants,XL,Pink
1848,Cobalt Cascade Cargo Pants,XL,Brown
1849,Cobalt Cascade Cargo Pants,XL,Black
1850,Cobalt Cascade Cargo Pants,XL,White
1851,Cobalt Cascade Cargo Pants,XXL,Red
1852,Cobalt Cascade Cargo Pants,XXL,Blue
1853,Cobalt Cascade Cargo Pants,XXL,Green
1854,Cobalt Cascade Cargo Pants,XXL,Yellow
1855,Cobalt Cascade Cargo Pants,XXL,Purple
1856,Cobalt Cascade Cargo Pants,XXL,Orange
1857,Cobalt Cascade Cargo Pants,XXL,Pink
1858,Cobalt Cascade Cargo Pants,XXL,Brown
1859,Cobalt Cascade Cargo Pants,XXL,Black
1860,Cobalt Cascade Cargo Pants,XXL,White
1861,Solar Flare Sweatshirt,XS,Red
1862,Solar Flare Sweatshirt,XS,Blue
1863,Solar Flare Sweatshirt,XS,Green
1864,Solar Flare Sweatshirt,XS,Yellow
1865,Solar Flare Sweatshirt,XS,Purple
1866,Solar Flare Sweatshirt,XS,Orange
1867,Solar Flare Sweatshirt,XS,Pink
1868,Solar Flare Sweatshirt,XS,Brown
1869,Solar Flare Sweatshirt,XS,Black
1870,Solar Flare Sweatshirt,XS,White
1871,Solar Flare Sweatshirt,S,Red
1872,Solar Flare Sweatshirt,S,Blue
1873,Solar Flare Sweatshirt,S,Green
1874,Solar Flare Sweatshirt,S,Yellow
1875,Solar Flare Sweatshirt,S,Purple
1876,Solar Flare Sweatshirt,S,Orange
1877,Solar Flare Sweatshirt,S,Pink
1878,Solar Flare Sweatshirt,S,Brown
1879,Solar Flare Sweatshirt,S,Black
1880,Solar Flare Sweatshirt,S,White
1881,Solar Flare Sweatshirt,M,Red
1882,Solar Flare Sweatshirt,M,Blue
1883,Solar Flare Sweatshirt,M,Green
1884,Solar Flare Sweatshirt,M,Yellow
1885,Solar Flare Sweatshirt,M,Purple
1886,Solar Flare Sweatshirt,M,Orange
1887,Solar Flare Sweatshirt,M,Pink
1888,Solar Flare Sweatshirt,M,Brown
1889,Solar Flare Sweatshirt,M,Black
1890,Solar Flare Sweatshirt,M,White
1891,Solar Flare Sweatshirt,L,Red
1892,Solar Flare Sweatshirt,L,Blue
1893,Solar Flare Sweatshirt,L,Green
1894,Solar Flare Sweatshirt,L,Yellow
1895,Solar Flare Sweatshirt,L,Purple
1896,Solar Flare Sweatshirt,L,Orange
1897,Solar Flare Sweatshirt,L,Pink
1898,Solar Flare Sweatshirt,L,Brown
1899,Solar Flare Sweatshirt,L,Black
1900,Solar Flare Sweatshirt,L,White
1901,Solar Flare Sweatshirt,XL,Red
1902,Solar Flare Sweatshirt,XL,Blue
1903,Solar Flare Sweatshirt,XL,Green
1904,Solar Flare Sweatshirt,XL,Yellow
1905,Solar Flare Sweatshirt,XL,Purple
1906,Solar Flare Sweatshirt,XL,Orange
1907,Solar Flare Sweatshirt,XL,Pink
1908,Solar Flare Sweatshirt,XL,Brown
1909,Solar Flare Sweatshirt,XL,Black
1910,Solar Flare Sweatshirt,XL,White
1911,Solar Flare Sweatshirt,XXL,Red
1912,Solar Flare Sweatshirt,XXL,Blue
1913,Solar Flare Sweatshirt,XXL,Green
1914,Solar Flare Sweatshirt,XXL,Yellow
1915,Solar Flare Sweatshirt,XXL,Purple
1916,Solar Flare Sweatshirt,XXL,Orange
1917,Solar Flare Sweatshirt,XXL,Pink
1918,Solar Flare Sweatshirt,XXL,Brown
1919,Solar Flare Sweatshirt,XXL,Black
1920,Solar Flare Sweatshirt,XXL,White
1921,Wilderness Voyager Waistcoat,XS,Red
1922,Wilderness Voyager Waistcoat,XS,Blue
1923,Wilderness Voyager Waistcoat,XS,Green
1924,Wilderness Voyager Waistcoat,XS,Yellow
1925,Wilderness Voyager Waistcoat,XS,Purple
1926,Wilderness Voyager Waistcoat,XS,Orange
1927,Wilderness Voyager Waistcoat,XS,Pink
1928,Wilderness Voyager Waistcoat,XS,Brown
1929,Wilderness Voyager Waistcoat,XS,Black
1930,Wilderness Voyager Waistcoat,XS,White
1931,Wilderness Voyager Waistcoat,S,Red
1932,Wilderness Voyager Waistcoat,S,Blue
1933,Wilderness Voyager Waistcoat,S,Green
1934,Wilderness Voyager Waistcoat,S,Yellow
1935,Wilderness Voyager Waistcoat,S,Purple
1936,Wilderness Voyager Waistcoat,S,Orange
1937,Wilderness Voyager Waistcoat,S,Pink
1938,Wilderness Voyager Waistcoat,S,Brown
1939,Wilderness Voyager Waistcoat,S,Black
1940,Wilderness Voyager Waistcoat,S,White
1941,Wilderness Voyager Waistcoat,M,Red
1942,Wilderness Voyager Waistcoat,M,Blue
1943,Wilderness Voyager Waistcoat,M,Green
1944,Wilderness Voyager Waistcoat,M,Yellow
1945,Wilderness Voyager Waistcoat,M,Purple
1946,Wilderness Voyager Waistcoat,M,Orange
1947,Wilderness Voyager Waistcoat,M,Pink
1948,Wilderness Voyager Waistcoat,M,Brown
1949,Wilderness Voyager Waistcoat,M,Black
1950,Wilderness Voyager Waistcoat,M,White
1951,Wilderness Voyager Waistcoat,L,Red
1952,Wilderness Voyager Waistcoat,L,Blue
1953,Wilderness Voyager Waistcoat,L,Green
1954,Wilderness Voyager Waistcoat,L,Yellow
1955,Wilderness Voyager Waistcoat,L,Purple
1956,Wilderness Voyager Waistcoat,L,Orange
1957,Wilderness Voyager Waistcoat,L,Pink
1958,Wilderness Voyager Waistcoat,L,Brown
1959,Wilderness Voyager Waistcoat,L,Black
1960,Wilderness Voyager Waistcoat,L,White
1961,Wilderness Voyager Waistcoat,XL,Red
1962,Wilderness Voyager Waistcoat,XL,Blue
1963,Wilderness Voyager Waistcoat,XL,Green
1964,Wilderness Voyager Waistcoat,XL,Yellow
1965,Wilderness Voyager Waistcoat,XL,Purple
1966,Wilderness Voyager Waistcoat,XL,Orange
1967,Wilderness Voyager Waistcoat,XL,Pink
1968,Wilderness Voyager Waistcoat,XL,Brown
1969,Wilderness Voyager Waistcoat,XL,Black
1970,Wilderness Voyager Waistcoat,XL,White
1971,Wilderness Voyager Waistcoat,XXL,Red
1972,Wilderness Voyager Waistcoat,XXL,Blue
1973,Wilderness Voyager Waistcoat,XXL,Green
1974,Wilderness Voyager Waistcoat,XXL,Yellow
1975,Wilderness Voyager Waistcoat,XXL,Purple
1976,Wilderness Voyager Waistcoat,XXL,Orange
1977,Wilderness Voyager Waistcoat,XXL,Pink
1978,Wilderness Voyager Waistcoat,XXL,Brown
1979,Wilderness Voyager Waistcoat,XXL,Black
1980,Wilderness Voyager Waistcoat,XXL,White
1981,Crimson Cascade Crewneck,XS,Red
1982,Crimson Cascade Crewneck,XS,Blue
1983,Crimson Cascade Crewneck,XS,Green
1984,Crimson Cascade Crewneck,XS,Yellow
1985,Crimson Cascade Crewneck,XS,Purple
1986,Crimson Cascade Crewneck,XS,Orange
1987,Crimson Cascade Crewneck,XS,Pink
1988,Crimson Cascade Crewneck,XS,Brown
1989,Crimson Cascade Crewneck,XS,Black
1990,Crimson Cascade Crewneck,XS,White
1991,Crimson Cascade Crewneck,S,Red
1992,Crimson Cascade Crewneck,S,Blue
1993,Crimson Cascade Crewneck,S,Green
1994,Crimson Cascade Crewneck,S,Yellow
1995,Crimson Cascade Crewneck,S,Purple
1996,Crimson Cascade Crewneck,S,Orange
1997,Crimson Cascade Crewneck,S,Pink
1998,Crimson Cascade Crewneck,S,Brown
1999,Crimson Cascade Crewneck,S,Black
2000,Crimson Cascade Crewneck,S,White
2001,Crimson Cascade Crewneck,M,Red
2002,Crimson Cascade Crewneck,M,Blue
2003,Crimson Cascade Crewneck,M,Green
2004,Crimson Cascade Crewneck,M,Yellow
2005,Crimson Cascade Crewneck,M,Purple
2006,Crimson Cascade Crewneck,M,Orange
2007,Crimson Cascade Crewneck,M,Pink
2008,Crimson Cascade Crewneck,M,Brown
2009,Crimson Cascade Crewneck,M,Black
2010,Crimson Cascade Crewneck,M,White
2011,Crimson Cascade Crewneck,L,Red
2012,Crimson Cascade Crewneck,L,Blue
2013,Crimson Cascade Crewneck,L,Green
2014,Crimson Cascade Crewneck,L,Yellow
2015,Crimson Cascade Crewneck,L,Purple
2016,Crimson Cascade Crewneck,L,Orange
2017,Crimson Cascade Crewneck,L,Pink
2018,Crimson Cascade Crewneck,L,Brown
2019,Crimson Cascade Crewneck,L,Black
2020,Crimson Cascade Crewneck,L,White
2021,Crimson Cascade Crewneck,XL,Red
2022,Crimson Cascade Crewneck,XL,Blue
2023,Crimson Cascade Crewneck,XL,Green
2024,Crimson Cascade Crewneck,XL,Yellow
2025,Crimson Cascade Crewneck,XL,Purple
2026,Crimson Cascade Crewneck,XL,Orange
2027,Crimson Cascade Crewneck,XL,Pink
2028,Crimson Cascade Crewneck,XL,Brown
2029,Crimson Cascade Crewneck,XL,Black
2030,Crimson Cascade Crewneck,XL,White
2031,Crimson Cascade Crewneck,XXL,Red
2032,Crimson Cascade Crewneck,XXL,Blue
2033,Crimson Cascade Crewneck,XXL,Green
2034,Crimson Cascade Crewneck,XXL,Yellow
2035,Crimson Cascade Crewneck,XXL,Purple
2036,Crimson Cascade Crewneck,XXL,Orange
2037,Crimson Cascade Crewneck,XXL,Pink
2038,Crimson Cascade Crewneck,XXL,Brown
2039,Crimson Cascade Crewneck,XXL,Black
2040,Crimson Cascade Crewneck,XXL,White
2041,Urban Utopia Utility Pants,XS,Red
2042,Urban Utopia Utility Pants,XS,Blue
2043,Urban Utopia Utility Pants,XS,Green
2044,Urban Utopia Utility Pants,XS,Yellow
2045,Urban Utopia Utility Pants,XS,Purple
2046,Urban Utopia Utility Pants,XS,Orange
2047,Urban Utopia Utility Pants,XS,Pink
2048,Urban Utopia Utility Pants,XS,Brown
2049,Urban Utopia Utility Pants,XS,Black
2050,Urban Utopia Utility Pants,XS,White
2051,Urban Utopia Utility Pants,S,Red
2052,Urban Utopia Utility Pants,S,Blue
2053,Urban Utopia Utility Pants,S,Green
2054,Urban Utopia Utility Pants,S,Yellow
2055,Urban Utopia Utility Pants,S,Purple
2056,Urban Utopia Utility Pants,S,Orange
2057,Urban Utopia Utility Pants,S,Pink
2058,Urban Utopia Utility Pants,S,Brown
2059,Urban Utopia Utility Pants,S,Black
2060,Urban Utopia Utility Pants,S,White
2061,Urban Utopia Utility Pants,M,Red
2062,Urban Utopia Utility Pants,M,Blue
2063,Urban Utopia Utility Pants,M,Green
2064,Urban Utopia Utility Pants,M,Yellow
2065,Urban Utopia Utility Pants,M,Purple
2066,Urban Utopia Utility Pants,M,Orange
2067,Urban Utopia Utility Pants,M,Pink
2068,Urban Utopia Utility Pants,M,Brown
2069,Urban Utopia Utility Pants,M,Black
2070,Urban Utopia Utility Pants,M,White
2071,Urban Utopia Utility Pants,L,Red
2072,Urban Utopia Utility Pants,L,Blue
2073,Urban Utopia Utility Pants,L,Green
2074,Urban Utopia Utility Pants,L,Yellow
2075,Urban Utopia Utility Pants,L,Purple
2076,Urban Utopia Utility Pants,L,Orange
2077,Urban Utopia Utility Pants,L,Pink
2078,Urban Utopia Utility Pants,L,Brown
2079,Urban Utopia Utility Pants,L,Black
2080,Urban Utopia Utility Pants,L,White
2081,Urban Utopia Utility Pants,XL,Red
2082,Urban Utopia Utility Pants,XL,Blue
2083,Urban Utopia Utility Pants,XL,Green
2084,Urban Utopia Utility Pants,XL,Yellow
2085,Urban Utopia Utility Pants,XL,Purple
2086,Urban Utopia Utility Pants,XL,Orange
2087,Urban Utopia Utility Pants,XL,Pink
2088,Urban Utopia Utility Pants,XL,Brown
2089,Urban Utopia Utility Pants,XL,Black
2090,Urban Utopia Utility Pants,XL,White
2091,Urban Utopia Utility Pants,XXL,Red
2092,Urban Utopia Utility Pants,XXL,Blue
2093,Urban Utopia Utility Pants,XXL,Green
2094,Urban Utopia Utility Pants,XXL,Yellow
2095,Urban Utopia Utility Pants,XXL,Purple
2096,Urban Utopia Utility Pants,XXL,Orange
2097,Urban Utopia Utility Pants,XXL,Pink
2098,Urban Utopia Utility Pants,XXL,Brown
2099,Urban Utopia Utility Pants,XXL,Black
2100,Urban Utopia Utility Pants,XXL,White
2101,Denim Dynasty Duster,XS,Red
2102,Denim Dynasty Duster,XS,Blue
2103,Denim Dynasty Duster,XS,Green
2104,Denim Dynasty Duster,XS,Yellow
2105,Denim Dynasty Duster,XS,Purple
2106,Denim Dynasty Duster,XS,Orange
2107,Denim Dynasty Duster,XS,Pink
2108,Denim Dynasty Duster,XS,Brown
2109,Denim Dynasty Duster,XS,Black
2110,Denim Dynasty Duster,XS,White
2111,Denim Dynasty Duster,S,Red
2112,Denim Dynasty Duster,S,Blue
2113,Denim Dynasty Duster,S,Green
2114,Denim Dynasty Duster,S,Yellow
2115,Denim Dynasty Duster,S,Purple
2116,Denim Dynasty Duster,S,Orange
2117,Denim Dynasty Duster,S,Pink
2118,Denim Dynasty Duster,S,Brown
2119,Denim Dynasty Duster,S,Black
2120,Denim Dynasty Duster,S,White
2121,Denim Dynasty Duster,M,Red
2122,Denim Dynasty Duster,M,Blue
2123,Denim Dynasty Duster,M,Green
2124,Denim Dynasty Duster,M,Yellow
2125,Denim Dynasty Duster,M,Purple
2126,Denim Dynasty Duster,M,Orange
2127,Denim Dynasty Duster,M,Pink
2128,Denim Dynasty Duster,M,Brown
2129,Denim Dynasty Duster,M,Black
2130,Denim Dynasty Duster,M,White
2131,Denim Dynasty Duster,L,Red
2132,Denim Dynasty Duster,L,Blue
2133,Denim Dynasty Duster,L,Green
2134,Denim Dynasty Duster,L,Yellow
2135,Denim Dynasty Duster,L,Purple
2136,Denim Dynasty Duster,L,Orange
2137,Denim Dynasty Duster,L,Pink
2138,Denim Dynasty Duster,L,Brown
2139,Denim Dynasty Duster,L,Black
2140,Denim Dynasty Duster,L,White
2141,Denim Dynasty Duster,XL,Red
2142,Denim Dynasty Duster,XL,Blue
2143,Denim Dynasty Duster,XL,Green
2144,Denim Dynasty Duster,XL,Yellow
2145,Denim Dynasty Duster,XL,Purple
2146,Denim Dynasty Duster,XL,Orange
2147,Denim Dynasty Duster,XL,Pink
2148,Denim Dynasty Duster,XL,Brown
2149,Denim Dynasty Duster,XL,Black
2150,Denim Dynasty Duster,XL,White
2151,Denim Dynasty Duster,XXL,Red
2152,Denim Dynasty Duster,XXL,Blue
2153,Denim Dynasty Duster,XXL,Green
2154,Denim Dynasty Duster,XXL,Yellow
2155,Denim Dynasty Duster,XXL,Purple
2156,Denim Dynasty Duster,XXL,Orange
2157,Denim Dynasty Duster,XXL,Pink
2158,Denim Dynasty Duster,XXL,Brown
2159,Denim Dynasty Duster,XXL,Black
2160,Denim Dynasty Duster,XXL,White
2161,Storm Surge Suit,XS,Red
2162,Storm Surge Suit,XS,Blue
2163,Storm Surge Suit,XS,Green
2164,Storm Surge Suit,XS,Yellow
2165,Storm Surge Suit,XS,Purple
2166,Storm Surge Suit,XS,Orange
2167,Storm Surge Suit,XS,Pink
2168,Storm Surge Suit,XS,Brown
2169,Storm Surge Suit,XS,Black
2170,Storm Surge Suit,XS,White
2171,Storm Surge Suit,S,Red
2172,Storm Surge Suit,S,Blue
2173,Storm Surge Suit,S,Green
2174,Storm Surge Suit,S,Yellow
2175,Storm Surge Suit,S,Purple
2176,Storm Surge Suit,S,Orange
2177,Storm Surge Suit,S,Pink
2178,Storm Surge Suit,S,Brown
2179,Storm Surge Suit,S,Black
2180,Storm Surge Suit,S,White
2181,Storm Surge Suit,M,Red
2182,Storm Surge Suit,M,Blue
2183,Storm Surge Suit,M,Green
2184,Storm Surge Suit,M,Yellow
2185,Storm Surge Suit,M,Purple
2186,Storm Surge Suit,M,Orange
2187,Storm Surge Suit,M,Pink
2188,Storm Surge Suit,M,Brown
2189,Storm Surge Suit,M,Black
2190,Storm Surge Suit,M,White
2191,Storm Surge Suit,L,Red
2192,Storm Surge Suit,L,Blue
2193,Storm Surge Suit,L,Green
2194,Storm Surge Suit,L,Yellow
2195,Storm Surge Suit,L,Purple
2196,Storm Surge Suit,L,Orange
2197,Storm Surge Suit,L,Pink
2198,Storm Surge Suit,L,Brown
2199,Storm Surge Suit,L,Black
2200,Storm Surge Suit,L,White
2201,Storm Surge Suit,XL,Red
2202,Storm Surge Suit,XL,Blue
2203,Storm Surge Suit,XL,Green
2204,Storm Surge Suit,XL,Yellow
2205,Storm Surge Suit,XL,Purple
2206,Storm Surge Suit,XL,Orange
2207,Storm Surge Suit,XL,Pink
2208,Storm Surge Suit,XL,Brown
2209,Storm Surge Suit,XL,Black
2210,Storm Surge Suit,XL,White
2211,Storm Surge Suit,XXL,Red
2212,Storm Surge Suit,XXL,Blue
2213,Storm Surge Suit,XXL,Green
2214,Storm Surge Suit,XXL,Yellow
2215,Storm Surge Suit,XXL,Purple
2216,Storm Surge Suit,XXL,Orange
2217,Storm Surge Suit,XXL,Pink
2218,Storm Surge Suit,XXL,Brown
2219,Storm Surge Suit,XXL,Black
2220,Storm Surge Suit,XXL,White
2221,Nomad Nebula Henley,XS,Red
2222,Nomad Nebula Henley,XS,Blue
2223,Nomad Nebula Henley,XS,Green
2224,Nomad Nebula Henley,XS,Yellow
2225,Nomad Nebula Henley,XS,Purple
2226,Nomad Nebula Henley,XS,Orange
2227,Nomad Nebula Henley,XS,Pink
2228,Nomad Nebula Henley,XS,Brown
2229,Nomad Nebula Henley,XS,Black
2230,Nomad Nebula Henley,XS,White
2231,Nomad Nebula Henley,S,Red
2232,Nomad Nebula Henley,S,Blue
2233,Nomad Nebula Henley,S,Green
2234,Nomad Nebula Henley,S,Yellow
2235,Nomad Nebula Henley,S,Purple
2236,Nomad Nebula Henley,S,Orange
2237,Nomad Nebula Henley,S,Pink
2238,Nomad Nebula Henley,S,Brown
2239,Nomad Nebula Henley,S,Black
2240,Nomad Nebula Henley,S,White
2241,Nomad Nebula Henley,M,Red
2242,Nomad Nebula Henley,M,Blue
2243,Nomad Nebula Henley,M,Green
2244,Nomad Nebula Henley,M,Yellow
2245,Nomad Nebula Henley,M,Purple
2246,Nomad Nebula Henley,M,Orange
2247,Nomad Nebula Henley,M,Pink
2248,Nomad Nebula Henley,M,Brown
2249,Nomad Nebula Henley,M,Black
2250,Nomad Nebula Henley,M,White
2251,Nomad Nebula Henley,L,Red
2252,Nomad Nebula Henley,L,Blue
2253,Nomad Nebula Henley,L,Green
2254,Nomad Nebula Henley,L,Yellow
2255,Nomad Nebula Henley,L,Purple
2256,Nomad Nebula Henley,L,Orange
2257,Nomad Nebula Henley,L,Pink
2258,Nomad Nebula Henley,L,Brown
2259,Nomad Nebula Henley,L,Black
2260,Nomad Nebula Henley,L,White
2261,Nomad Nebula Henley,XL,Red
2262,Nomad Nebula Henley,XL,Blue
2263,Nomad Nebula Henley,XL,Green
2264,Nomad Nebula Henley,XL,Yellow
2265,Nomad Nebula Henley,XL,Purple
2266,Nomad Nebula Henley,XL,Orange
2267,Nomad Nebula Henley,XL,Pink
2268,Nomad Nebula Henley,XL,Brown
2269,Nomad Nebula Henley,XL,Black
2270,Nomad Nebula Henley,XL,White
2271,Nomad Nebula Henley,XXL,Red
2272,Nomad Nebula Henley,XXL,Blue
2273,Nomad Nebula Henley,XXL,Green
2274,Nomad Nebula Henley,XXL,Yellow
2275,Nomad Nebula Henley,XXL,Purple
2276,Nomad Nebula Henley,XXL,Orange
2277,Nomad Nebula Henley,XXL,Pink
2278,Nomad Nebula Henley,XXL,Brown
2279,Nomad Nebula Henley,XXL,Black
2280,Nomad Nebula Henley,XXL,White
2281,Obsidian Odyssey Overalls,XS,Red
2282,Obsidian Odyssey Overalls,XS,Blue
2283,Obsidian Odyssey Overalls,XS,Green
2284,Obsidian Odyssey Overalls,XS,Yellow
2285,Obsidian Odyssey Overalls,XS,Purple
2286,Obsidian Odyssey Overalls,XS,Orange
2287,Obsidian Odyssey Overalls,XS,Pink
2288,Obsidian Odyssey Overalls,XS,Brown
2289,Obsidian Odyssey Overalls,XS,Black
2290,Obsidian Odyssey Overalls,XS,White
2291,Obsidian Odyssey Overalls,S,Red
2292,Obsidian Odyssey Overalls,S,Blue
2293,Obsidian Odyssey Overalls,S,Green
2294,Obsidian Odyssey Overalls,S,Yellow
2295,Obsidian Odyssey Overalls,S,Purple
2296,Obsidian Odyssey Overalls,S,Orange
2297,Obsidian Odyssey Overalls,S,Pink
2298,Obsidian Odyssey Overalls,S,Brown
2299,Obsidian Odyssey Overalls,S,Black
2300,Obsidian Odyssey Overalls,S,White
2301,Obsidian Odyssey Overalls,M,Red
2302,Obsidian Odyssey Overalls,M,Blue
2303,Obsidian Odyssey Overalls,M,Green
2304,Obsidian Odyssey Overalls,M,Yellow
2305,Obsidian Odyssey Overalls,M,Purple
2306,Obsidian Odyssey Overalls,M,Orange
2307,Obsidian Odyssey Overalls,M,Pink
2308,Obsidian Odyssey Overalls,M,Brown
2309,Obsidian Odyssey Overalls,M,Black
2310,Obsidian Odyssey Overalls,M,White
2311,Obsidian Odyssey Overalls,L,Red
2312,Obsidian Odyssey Overalls,L,Blue
2313,Obsidian Odyssey Overalls,L,Green
2314,Obsidian Odyssey Overalls,L,Yellow
2315,Obsidian Odyssey Overalls,L,Purple
2316,Obsidian Odyssey Overalls,L,Orange
2317,Obsidian Odyssey Overalls,L,Pink
2318,Obsidian Odyssey Overalls,L,Brown
2319,Obsidian Odyssey Overalls,L,Black
2320,Obsidian Odyssey Overalls,L,White
2321,Obsidian Odyssey Overalls,XL,Red
2322,Obsidian Odyssey Overalls,XL,Blue
2323,Obsidian Odyssey Overalls,XL,Green
2324,Obsidian Odyssey Overalls,XL,Yellow
2325,Obsidian Odyssey Overalls,XL,Purple
2326,Obsidian Odyssey Overalls,XL,Orange
2327,Obsidian Odyssey Overalls,XL,Pink
2328,Obsidian Odyssey Overalls,XL,Brown
2329,Obsidian Odyssey Overalls,XL,Black
2330,Obsidian Odyssey Overalls,XL,White
2331,Obsidian Odyssey Overalls,XXL,Red
2332,Obsidian Odyssey Overalls,XXL,Blue
2333,Obsidian Odyssey Overalls,XXL,Green
2334,Obsidian Odyssey Overalls,XXL,Yellow
2335,Obsidian Odyssey Overalls,XXL,Purple
2336,Obsidian Odyssey Overalls,XXL,Orange
2337,Obsidian Odyssey Overalls,XXL,Pink
2338,Obsidian Odyssey Overalls,XXL,Brown
2339,Obsidian Odyssey Overalls,XXL,Black
2340,Obsidian Odyssey Overalls,XXL,White
2341,Radiant Raven Rugby Polo,XS,Red
2342,Radiant Raven Rugby Polo,XS,Blue
2343,Radiant Raven Rugby Polo,XS,Green
2344,Radiant Raven Rugby Polo,XS,Yellow
2345,Radiant Raven Rugby Polo,XS,Purple
2346,Radiant Raven Rugby Polo,XS,Orange
2347,Radiant Raven Rugby Polo,XS,Pink
2348,Radiant Raven Rugby Polo,XS,Brown
2349,Radiant Raven Rugby Polo,XS,Black
2350,Radiant Raven Rugby Polo,XS,White
2351,Radiant Raven Rugby Polo,S,Red
2352,Radiant Raven Rugby Polo,S,Blue
2353,Radiant Raven Rugby Polo,S,Green
2354,Radiant Raven Rugby Polo,S,Yellow
2355,Radiant Raven Rugby Polo,S,Purple
2356,Radiant Raven Rugby Polo,S,Orange
2357,Radiant Raven Rugby Polo,S,Pink
2358,Radiant Raven Rugby Polo,S,Brown
2359,Radiant Raven Rugby Polo,S,Black
2360,Radiant Raven Rugby Polo,S,White
2361,Radiant Raven Rugby Polo,M,Red
2362,Radiant Raven Rugby Polo,M,Blue
2363,Radiant Raven Rugby Polo,M,Green
2364,Radiant Raven Rugby Polo,M,Yellow
2365,Radiant Raven Rugby Polo,M,Purple
2366,Radiant Raven Rugby Polo,M,Orange
2367,Radiant Raven Rugby Polo,M,Pink
2368,Radiant Raven Rugby Polo,M,Brown
2369,Radiant Raven Rugby Polo,M,Black
2370,Radiant Raven Rugby Polo,M,White
2371,Radiant Raven Rugby Polo,L,Red
2372,Radiant Raven Rugby Polo,L,Blue
2373,Radiant Raven Rugby Polo,L,Green
2374,Radiant Raven Rugby Polo,L,Yellow
2375,Radiant Raven Rugby Polo,L,Purple
2376,Radiant Raven Rugby Polo,L,Orange
2377,Radiant Raven Rugby Polo,L,Pink
2378,Radiant Raven Rugby Polo,L,Brown
2379,Radiant Raven Rugby Polo,L,Black
2380,Radiant Raven Rugby Polo,L,White
2381,Radiant Raven Rugby Polo,XL,Red
2382,Radiant Raven Rugby Polo,XL,Blue
2383,Radiant Raven Rugby Polo,XL,Green
2384,Radiant Raven Rugby Polo,XL,Yellow
2385,Radiant Raven Rugby Polo,XL,Purple
2386,Radiant Raven Rugby Polo,XL,Orange
2387,Radiant Raven Rugby Polo,XL,Pink
2388,Radiant Raven Rugby Polo,XL,Brown
2389,Radiant Raven Rugby Polo,XL,Black
2390,Radiant Raven Rugby Polo,XL,White
2391,Radiant Raven Rugby Polo,XXL,Red
2392,Radiant Raven Rugby Polo,XXL,Blue
2393,Radiant Raven Rugby Polo,XXL,Green
2394,Radiant Raven Rugby Polo,XXL,Yellow
2395,Radiant Raven Rugby Polo,XXL,Purple
2396,Radiant Raven Rugby Polo,XXL,Orange
2397,Radiant Raven Rugby Polo,XXL,Pink
2398,Radiant Raven Rugby Polo,XXL,Brown
2399,Radiant Raven Rugby Polo,XXL,Black
2400,Radiant Raven Rugby Polo,XXL,White
2401,Astral Ascent Anorak,XS,Red
2402,Astral Ascent Anorak,XS,Blue
2403,Astral Ascent Anorak,XS,Green
2404,Astral Ascent Anorak,XS,Yellow
2405,Astral Ascent Anorak,XS,Purple
2406,Astral Ascent Anorak,XS,Orange
2407,Astral Ascent Anorak,XS,Pink
2408,Astral Ascent Anorak,XS,Brown
2409,Astral Ascent Anorak,XS,Black
2410,Astral Ascent Anorak,XS,White
2411,Astral Ascent Anorak,S,Red
2412,Astral Ascent Anorak,S,Blue
2413,Astral Ascent Anorak,S,Green
2414,Astral Ascent Anorak,S,Yellow
2415,Astral Ascent Anorak,S,Purple
2416,Astral Ascent Anorak,S,Orange
2417,Astral Ascent Anorak,S,Pink
2418,Astral Ascent Anorak,S,Brown
2419,Astral Ascent Anorak,S,Black
2420,Astral Ascent Anorak,S,White
2421,Astral Ascent Anorak,M,Red
2422,Astral Ascent Anorak,M,Blue
2423,Astral Ascent Anorak,M,Green
2424,Astral Ascent Anorak,M,Yellow
2425,Astral Ascent Anorak,M,Purple
2426,Astral Ascent Anorak,M,Orange
2427,Astral Ascent Anorak,M,Pink
2428,Astral Ascent Anorak,M,Brown
2429,Astral Ascent Anorak,M,Black
2430,Astral Ascent Anorak,M,White
2431,Astral Ascent Anorak,L,Red
2432,Astral Ascent Anorak,L,Blue
2433,Astral Ascent Anorak,L,Green
2434,Astral Ascent Anorak,L,Yellow
2435,Astral Ascent Anorak,L,Purple
2436,Astral Ascent Anorak,L,Orange
2437,Astral Ascent Anorak,L,Pink
2438,Astral Ascent Anorak,L,Brown
2439,Astral Ascent Anorak,L,Black
2440,Astral Ascent Anorak,L,White
2441,Astral Ascent Anorak,XL,Red
2442,Astral Ascent Anorak,XL,Blue
2443,Astral Ascent Anorak,XL,Green
2444,Astral Ascent Anorak,XL,Yellow
2445,Astral Ascent Anorak,XL,Purple
2446,Astral Ascent Anorak,XL,Orange
2447,Astral Ascent Anorak,XL,Pink
2448,Astral Ascent Anorak,XL,Brown
2449,Astral Ascent Anorak,XL,Black
2450,Astral Ascent Anorak,XL,White
2451,Astral Ascent Anorak,XXL,Red
2452,Astral Ascent Anorak,XXL,Blue
2453,Astral Ascent Anorak,XXL,Green
2454,Astral Ascent Anorak,XXL,Yellow
2455,Astral Ascent Anorak,XXL,Purple
2456,Astral Ascent Anorak,XXL,Orange
2457,Astral Ascent Anorak,XXL,Pink
2458,Astral Ascent Anorak,XXL,Brown
2459,Astral Ascent Anorak,XXL,Black
2460,Astral Ascent Anorak,XXL,White
2461,Wilderness Voyager Windbreaker,XS,Red
2462,Wilderness Voyager Windbreaker,XS,Blue
2463,Wilderness Voyager Windbreaker,XS,Green
2464,Wilderness Voyager Windbreaker,XS,Yellow
2465,Wilderness Voyager Windbreaker,XS,Purple
2466,Wilderness Voyager Windbreaker,XS,Orange
2467,Wilderness Voyager Windbreaker,XS,Pink
2468,Wilderness Voyager Windbreaker,XS,Brown
2469,Wilderness Voyager Windbreaker,XS,Black
2470,Wilderness Voyager Windbreaker,XS,White
2471,Wilderness Voyager Windbreaker,S,Red
2472,Wilderness Voyager Windbreaker,S,Blue
2473,Wilderness Voyager Windbreaker,S,Green
2474,Wilderness Voyager Windbreaker,S,Yellow
2475,Wilderness Voyager Windbreaker,S,Purple
2476,Wilderness Voyager Windbreaker,S,Orange
2477,Wilderness Voyager Windbreaker,S,Pink
2478,Wilderness Voyager Windbreaker,S,Brown
2479,Wilderness Voyager Windbreaker,S,Black
2480,Wilderness Voyager Windbreaker,S,White
2481,Wilderness Voyager Windbreaker,M,Red
2482,Wilderness Voyager Windbreaker,M,Blue
2483,Wilderness Voyager Windbreaker,M,Green
2484,Wilderness Voyager Windbreaker,M,Yellow
2485,Wilderness Voyager Windbreaker,M,Purple
2486,Wilderness Voyager Windbreaker,M,Orange
2487,Wilderness Voyager Windbreaker,M,Pink
2488,Wilderness Voyager Windbreaker,M,Brown
2489,Wilderness Voyager Windbreaker,M,Black
2490,Wilderness Voyager Windbreaker,M,White
2491,Wilderness Voyager Windbreaker,L,Red
2492,Wilderness Voyager Windbreaker,L,Blue
2493,Wilderness Voyager Windbreaker,L,Green
2494,Wilderness Voyager Windbreaker,L,Yellow
2495,Wilderness Voyager Windbreaker,L,Purple
2496,Wilderness Voyager Windbreaker,L,Orange
2497,Wilderness Voyager Windbreaker,L,Pink
2498,Wilderness Voyager Windbreaker,L,Brown
2499,Wilderness Voyager Windbreaker,L,Black
2500,Wilderness Voyager Windbreaker,L,White
2501,Wilderness Voyager Windbreaker,XL,Red
2502,Wilderness Voyager Windbreaker,XL,Blue
2503,Wilderness Voyager Windbreaker,XL,Green
2504,Wilderness Voyager Windbreaker,XL,Yellow
2505,Wilderness Voyager Windbreaker,XL,Purple
2506,Wilderness Voyager Windbreaker,XL,Orange
2507,Wilderness Voyager Windbreaker,XL,Pink
2508,Wilderness Voyager Windbreaker,XL,Brown
2509,Wilderness Voyager Windbreaker,XL,Black
2510,Wilderness Voyager Windbreaker,XL,White
2511,Wilderness Voyager Windbreaker,XXL,Red
2512,Wilderness Voyager Windbreaker,XXL,Blue
2513,Wilderness Voyager Windbreaker,XXL,Green
2514,Wilderness Voyager Windbreaker,XXL,Yellow
2515,Wilderness Voyager Windbreaker,XXL,Purple
2516,Wilderness Voyager Windbreaker,XXL,Orange
2517,Wilderness Voyager Windbreaker,XXL,Pink
2518,Wilderness Voyager Windbreaker,XXL,Brown
2519,Wilderness Voyager Windbreaker,XXL,Black
2520,Wilderness Voyager Windbreaker,XXL,White
2521,Slate Solace Sweater,XS,Red
2522,Slate Solace Sweater,XS,Blue
2523,Slate Solace Sweater,XS,Green
2524,Slate Solace Sweater,XS,Yellow
2525,Slate Solace Sweater,XS,Purple
2526,Slate Solace Sweater,XS,Orange
2527,Slate Solace Sweater,XS,Pink
2528,Slate Solace Sweater,XS,Brown
2529,Slate Solace Sweater,XS,Black
2530,Slate Solace Sweater,XS,White
2531,Slate Solace Sweater,S,Red
2532,Slate Solace Sweater,S,Blue
2533,Slate Solace Sweater,S,Green
2534,Slate Solace Sweater,S,Yellow
2535,Slate Solace Sweater,S,Purple
2536,Slate Solace Sweater,S,Orange
2537,Slate Solace Sweater,S,Pink
2538,Slate Solace Sweater,S,Brown
2539,Slate Solace Sweater,S,Black
2540,Slate Solace Sweater,S,White
2541,Slate Solace Sweater,M,Red
2542,Slate Solace Sweater,M,Blue
2543,Slate Solace Sweater,M,Green
2544,Slate Solace Sweater,M,Yellow
2545,Slate Solace Sweater,M,Purple
2546,Slate Solace Sweater,M,Orange
2547,Slate Solace Sweater,M,Pink
2548,Slate Solace Sweater,M,Brown
2549,Slate Solace Sweater,M,Black
2550,Slate Solace Sweater,M,White
2551,Slate Solace Sweater,L,Red
2552,Slate Solace Sweater,L,Blue
2553,Slate Solace Sweater,L,Green
2554,Slate Solace Sweater,L,Yellow
2555,Slate Solace Sweater,L,Purple
2556,Slate Solace Sweater,L,Orange
2557,Slate Solace Sweater,L,Pink
2558,Slate Solace Sweater,L,Brown
2559,Slate Solace Sweater,L,Black
2560,Slate Solace Sweater,L,White
2561,Slate Solace Sweater,XL,Red
2562,Slate Solace Sweater,XL,Blue
2563,Slate Solace Sweater,XL,Green
2564,Slate Solace Sweater,XL,Yellow
2565,Slate Solace Sweater,XL,Purple
2566,Slate Solace Sweater,XL,Orange
2567,Slate Solace Sweater,XL,Pink
2568,Slate Solace Sweater,XL,Brown
2569,Slate Solace Sweater,XL,Black
2570,Slate Solace Sweater,XL,White
2571,Slate Solace Sweater,XXL,Red
2572,Slate Solace Sweater,XXL,Blue
2573,Slate Solace Sweater,XXL,Green
2574,Slate Solace Sweater,XXL,Yellow
2575,Slate Solace Sweater,XXL,Purple
2576,Slate Solace Sweater,XXL,Orange
2577,Slate Solace Sweater,XXL,Pink
2578,Slate Solace Sweater,XXL,Brown
2579,Slate Solace Sweater,XXL,Black
2580,Slate Solace Sweater,XXL,White
2581,Thunderstrike Tee,XS,Red
2582,Thunderstrike Tee,XS,Blue
2583,Thunderstrike Tee,XS,Green
2584,Thunderstrike Tee,XS,Yellow
2585,Thunderstrike Tee,XS,Purple
2586,Thunderstrike Tee,XS,Orange
2587,Thunderstrike Tee,XS,Pink
2588,Thunderstrike Tee,XS,Brown
2589,Thunderstrike Tee,XS,Black
2590,Thunderstrike Tee,XS,White
2591,Thunderstrike Tee,S,Red
2592,Thunderstrike Tee,S,Blue
2593,Thunderstrike Tee,S,Green
2594,Thunderstrike Tee,S,Yellow
2595,Thunderstrike Tee,S,Purple
2596,Thunderstrike Tee,S,Orange
2597,Thunderstrike Tee,S,Pink
2598,Thunderstrike Tee,S,Brown
2599,Thunderstrike Tee,S,Black
2600,Thunderstrike Tee,S,White
2601,Thunderstrike Tee,M,Red
2602,Thunderstrike Tee,M,Blue
2603,Thunderstrike Tee,M,Green
2604,Thunderstrike Tee,M,Yellow
2605,Thunderstrike Tee,M,Purple
2606,Thunderstrike Tee,M,Orange
2607,Thunderstrike Tee,M,Pink
2608,Thunderstrike Tee,M,Brown
2609,Thunderstrike Tee,M,Black
2610,Thunderstrike Tee,M,White
2611,Thunderstrike Tee,L,Red
2612,Thunderstrike Tee,L,Blue
2613,Thunderstrike Tee,L,Green
2614,Thunderstrike Tee,L,Yellow
2615,Thunderstrike Tee,L,Purple
2616,Thunderstrike Tee,L,Orange
2617,Thunderstrike Tee,L,Pink
2618,Thunderstrike Tee,L,Brown
2619,Thunderstrike Tee,L,Black
2620,Thunderstrike Tee,L,White
2621,Thunderstrike Tee,XL,Red
2622,Thunderstrike Tee,XL,Blue
2623,Thunderstrike Tee,XL,Green
2624,Thunderstrike Tee,XL,Yellow
2625,Thunderstrike Tee,XL,Purple
2626,Thunderstrike Tee,XL,Orange
2627,Thunderstrike Tee,XL,Pink
2628,Thunderstrike Tee,XL,Brown
2629,Thunderstrike Tee,XL,Black
2630,Thunderstrike Tee,XL,White
2631,Thunderstrike Tee,XXL,Red
2632,Thunderstrike Tee,XXL,Blue
2633,Thunderstrike Tee,XXL,Green
2634,Thunderstrike Tee,XXL,Yellow
2635,Thunderstrike Tee,XXL,Purple
2636,Thunderstrike Tee,XXL,Orange
2637,Thunderstrike Tee,XXL,Pink
2638,Thunderstrike Tee,XXL,Brown
2639,Thunderstrike Tee,XXL,Black
2640,Thunderstrike Tee,XXL,White
2641,Emberstone Expedition Epaulettes,XS,Red
2642,Emberstone Expedition Epaulettes,XS,Blue
2643,Emberstone Expedition Epaulettes,XS,Green
2644,Emberstone Expedition Epaulettes,XS,Yellow
2645,Emberstone Expedition Epaulettes,XS,Purple
2646,Emberstone Expedition Epaulettes,XS,Orange
2647,Emberstone Expedition Epaulettes,XS,Pink
2648,Emberstone Expedition Epaulettes,XS,Brown
2649,Emberstone Expedition Epaulettes,XS,Black
2650,Emberstone Expedition Epaulettes,XS,White
2651,Emberstone Expedition Epaulettes,S,Red
2652,Emberstone Expedition Epaulettes,S,Blue
2653,Emberstone Expedition Epaulettes,S,Green
2654,Emberstone Expedition Epaulettes,S,Yellow
2655,Emberstone Expedition Epaulettes,S,Purple
2656,Emberstone Expedition Epaulettes,S,Orange
2657,Emberstone Expedition Epaulettes,S,Pink
2658,Emberstone Expedition Epaulettes,S,Brown
2659,Emberstone Expedition Epaulettes,S,Black
2660,Emberstone Expedition Epaulettes,S,White
2661,Emberstone Expedition Epaulettes,M,Red
2662,Emberstone Expedition Epaulettes,M,Blue
2663,Emberstone Expedition Epaulettes,M,Green
2664,Emberstone Expedition Epaulettes,M,Yellow
2665,Emberstone Expedition Epaulettes,M,Purple
2666,Emberstone Expedition Epaulettes,M,Orange
2667,Emberstone Expedition Epaulettes,M,Pink
2668,Emberstone Expedition Epaulettes,M,Brown
2669,Emberstone Expedition Epaulettes,M,Black
2670,Emberstone Expedition Epaulettes,M,White
2671,Emberstone Expedition Epaulettes,L,Red
2672,Emberstone Expedition Epaulettes,L,Blue
2673,Emberstone Expedition Epaulettes,L,Green
2674,Emberstone Expedition Epaulettes,L,Yellow
2675,Emberstone Expedition Epaulettes,L,Purple
2676,Emberstone Expedition Epaulettes,L,Orange
2677,Emberstone Expedition Epaulettes,L,Pink
2678,Emberstone Expedition Epaulettes,L,Brown
2679,Emberstone Expedition Epaulettes,L,Black
2680,Emberstone Expedition Epaulettes,L,White
2681,Emberstone Expedition Epaulettes,XL,Red
2682,Emberstone Expedition Epaulettes,XL,Blue
2683,Emberstone Expedition Epaulettes,XL,Green
2684,Emberstone Expedition Epaulettes,XL,Yellow
2685,Emberstone Expedition Epaulettes,XL,Purple
2686,Emberstone Expedition Epaulettes,XL,Orange
2687,Emberstone Expedition Epaulettes,XL,Pink
2688,Emberstone Expedition Epaulettes,XL,Brown
2689,Emberstone Expedition Epaulettes,XL,Black
2690,Emberstone Expedition Epaulettes,XL,White
2691,Emberstone Expedition Epaulettes,XXL,Red
2692,Emberstone Expedition Epaulettes,XXL,Blue
2693,Emberstone Expedition Epaulettes,XXL,Green
2694,Emberstone Expedition Epaulettes,XXL,Yellow
2695,Emberstone Expedition Epaulettes,XXL,Purple
2696,Emberstone Expedition Epaulettes,XXL,Orange
2697,Emberstone Expedition Epaulettes,XXL,Pink
2698,Emberstone Expedition Epaulettes,XXL,Brown
2699,Emberstone Expedition Epaulettes,XXL,Black
2700,Emberstone Expedition Epaulettes,XXL,White
2701,Lunar Labyrinth Loungewear,XS,Red
2702,Lunar Labyrinth Loungewear,XS,Blue
2703,Lunar Labyrinth Loungewear,XS,Green
2704,Lunar Labyrinth Loungewear,XS,Yellow
2705,Lunar Labyrinth Loungewear,XS,Purple
2706,Lunar Labyrinth Loungewear,XS,Orange
2707,Lunar Labyrinth Loungewear,XS,Pink
2708,Lunar Labyrinth Loungewear,XS,Brown
2709,Lunar Labyrinth Loungewear,XS,Black
2710,Lunar Labyrinth Loungewear,XS,White
2711,Lunar Labyrinth Loungewear,S,Red
2712,Lunar Labyrinth Loungewear,S,Blue
2713,Lunar Labyrinth Loungewear,S,Green
2714,Lunar Labyrinth Loungewear,S,Yellow
2715,Lunar Labyrinth Loungewear,S,Purple
2716,Lunar Labyrinth Loungewear,S,Orange
2717,Lunar Labyrinth Loungewear,S,Pink
2718,Lunar Labyrinth Loungewear,S,Brown
2719,Lunar Labyrinth Loungewear,S,Black
2720,Lunar Labyrinth Loungewear,S,White
2721,Lunar Labyrinth Loungewear,M,Red
2722,Lunar Labyrinth Loungewear,M,Blue
2723,Lunar Labyrinth Loungewear,M,Green
2724,Lunar Labyrinth Loungewear,M,Yellow
2725,Lunar Labyrinth Loungewear,M,Purple
2726,Lunar Labyrinth Loungewear,M,Orange
2727,Lunar Labyrinth Loungewear,M,Pink
2728,Lunar Labyrinth Loungewear,M,Brown
2729,Lunar Labyrinth Loungewear,M,Black
2730,Lunar Labyrinth Loungewear,M,White
2731,Lunar Labyrinth Loungewear,L,Red
2732,Lunar Labyrinth Loungewear,L,Blue
2733,Lunar Labyrinth Loungewear,L,Green
2734,Lunar Labyrinth Loungewear,L,Yellow
2735,Lunar Labyrinth Loungewear,L,Purple
2736,Lunar Labyrinth Loungewear,L,Orange
2737,Lunar Labyrinth Loungewear,L,Pink
2738,Lunar Labyrinth Loungewear,L,Brown
2739,Lunar Labyrinth Loungewear,L,Black
2740,Lunar Labyrinth Loungewear,L,White
2741,Lunar Labyrinth Loungewear,XL,Red
2742,Lunar Labyrinth Loungewear,XL,Blue
2743,Lunar Labyrinth Loungewear,XL,Green
2744,Lunar Labyrinth Loungewear,XL,Yellow
2745,Lunar Labyrinth Loungewear,XL,Purple
2746,Lunar Labyrinth Loungewear,XL,Orange
2747,Lunar Labyrinth Loungewear,XL,Pink
2748,Lunar Labyrinth Loungewear,XL,Brown
2749,Lunar Labyrinth Loungewear,XL,Black
2750,Lunar Labyrinth Loungewear,XL,White
2751,Lunar Labyrinth Loungewear,XXL,Red
2752,Lunar Labyrinth Loungewear,XXL,Blue
2753,Lunar Labyrinth Loungewear,XXL,Green
2754,Lunar Labyrinth Loungewear,XXL,Yellow
2755,Lunar Labyrinth Loungewear,XXL,Purple
2756,Lunar Labyrinth Loungewear,XXL,Orange
2757,Lunar Labyrinth Loungewear,XXL,Pink
2758,Lunar Labyrinth Loungewear,XXL,Brown
2759,Lunar Labyrinth Loungewear,XXL,Black
2760,Lunar Labyrinth Loungewear,XXL,White
2761,Tech Titan Tuxedo,XS,Red
2762,Tech Titan Tuxedo,XS,Blue
2763,Tech Titan Tuxedo,XS,Green
2764,Tech Titan Tuxedo,XS,Yellow
2765,Tech Titan Tuxedo,XS,Purple
2766,Tech Titan Tuxedo,XS,Orange
2767,Tech Titan Tuxedo,XS,Pink
2768,Tech Titan Tuxedo,XS,Brown
2769,Tech Titan Tuxedo,XS,Black
2770,Tech Titan Tuxedo,XS,White
2771,Tech Titan Tuxedo,S,Red
2772,Tech Titan Tuxedo,S,Blue
2773,Tech Titan Tuxedo,S,Green
2774,Tech Titan Tuxedo,S,Yellow
2775,Tech Titan Tuxedo,S,Purple
2776,Tech Titan Tuxedo,S,Orange
2777,Tech Titan Tuxedo,S,Pink
2778,Tech Titan Tuxedo,S,Brown
2779,Tech Titan Tuxedo,S,Black
2780,Tech Titan Tuxedo,S,White
2781,Tech Titan Tuxedo,M,Red
2782,Tech Titan Tuxedo,M,Blue
2783,Tech Titan Tuxedo,M,Green
2784,Tech Titan Tuxedo,M,Yellow
2785,Tech Titan Tuxedo,M,Purple
2786,Tech Titan Tuxedo,M,Orange
2787,Tech Titan Tuxedo,M,Pink
2788,Tech Titan Tuxedo,M,Brown
2789,Tech Titan Tuxedo,M,Black
2790,Tech Titan Tuxedo,M,White
2791,Tech Titan Tuxedo,L,Red
2792,Tech Titan Tuxedo,L,Blue
2793,Tech Titan Tuxedo,L,Green
2794,Tech Titan Tuxedo,L,Yellow
2795,Tech Titan Tuxedo,L,Purple
2796,Tech Titan Tuxedo,L,Orange
2797,Tech Titan Tuxedo,L,Pink
2798,Tech Titan Tuxedo,L,Brown
2799,Tech Titan Tuxedo,L,Black
2800,Tech Titan Tuxedo,L,White
2801,Tech Titan Tuxedo,XL,Red
2802,Tech Titan Tuxedo,XL,Blue
2803,Tech Titan Tuxedo,XL,Green
2804,Tech Titan Tuxedo,XL,Yellow
2805,Tech Titan Tuxedo,XL,Purple
2806,Tech Titan Tuxedo,XL,Orange
2807,Tech Titan Tuxedo,XL,Pink
2808,Tech Titan Tuxedo,XL,Brown
2809,Tech Titan Tuxedo,XL,Black
2810,Tech Titan Tuxedo,XL,White
2811,Tech Titan Tuxedo,XXL,Red
2812,Tech Titan Tuxedo,XXL,Blue
2813,Tech Titan Tuxedo,XXL,Green
2814,Tech Titan Tuxedo,XXL,Yellow
2815,Tech Titan Tuxedo,XXL,Purple
2816,Tech Titan Tuxedo,XXL,Orange
2817,Tech Titan Tuxedo,XXL,Pink
2818,Tech Titan Tuxedo,XXL,Brown
2819,Tech Titan Tuxedo,XXL,Black
2820,Tech Titan Tuxedo,XXL,White
2821,Savvy Summit Ski Jacket,XS,Red
2822,Savvy Summit Ski Jacket,XS,Blue
2823,Savvy Summit Ski Jacket,XS,Green
2824,Savvy Summit Ski Jacket,XS,Yellow
2825,Savvy Summit Ski Jacket,XS,Purple
2826,Savvy Summit Ski Jacket,XS,Orange
2827,Savvy Summit Ski Jacket,XS,Pink
2828,Savvy Summit Ski Jacket,XS,Brown
2829,Savvy Summit Ski Jacket,XS,Black
2830,Savvy Summit Ski Jacket,XS,White
2831,Savvy Summit Ski Jacket,S,Red
2832,Savvy Summit Ski Jacket,S,Blue
2833,Savvy Summit Ski Jacket,S,Green
2834,Savvy Summit Ski Jacket,S,Yellow
2835,Savvy Summit Ski Jacket,S,Purple
2836,Savvy Summit Ski Jacket,S,Orange
2837,Savvy Summit Ski Jacket,S,Pink
2838,Savvy Summit Ski Jacket,S,Brown
2839,Savvy Summit Ski Jacket,S,Black
2840,Savvy Summit Ski Jacket,S,White
2841,Savvy Summit Ski Jacket,M,Red
2842,Savvy Summit Ski Jacket,M,Blue
2843,Savvy Summit Ski Jacket,M,Green
2844,Savvy Summit Ski Jacket,M,Yellow
2845,Savvy Summit Ski Jacket,M,Purple
2846,Savvy Summit Ski Jacket,M,Orange
2847,Savvy Summit Ski Jacket,M,Pink
2848,Savvy Summit Ski Jacket,M,Brown
2849,Savvy Summit Ski Jacket,M,Black
2850,Savvy Summit Ski Jacket,M,White
2851,Savvy Summit Ski Jacket,L,Red
2852,Savvy Summit Ski Jacket,L,Blue
2853,Savvy Summit Ski Jacket,L,Green
2854,Savvy Summit Ski Jacket,L,Yellow
2855,Savvy Summit Ski Jacket,L,Purple
2856,Savvy Summit Ski Jacket,L,Orange
2857,Savvy Summit Ski Jacket,L,Pink
2858,Savvy Summit Ski Jacket,L,Brown
2859,Savvy Summit Ski Jacket,L,Black
2860,Savvy Summit Ski Jacket,L,White
2861,Savvy Summit Ski Jacket,XL,Red
2862,Savvy Summit Ski Jacket,XL,Blue
2863,Savvy Summit Ski Jacket,XL,Green
2864,Savvy Summit Ski Jacket,XL,Yellow
2865,Savvy Summit Ski Jacket,XL,Purple
2866,Savvy Summit Ski Jacket,XL,Orange
2867,Savvy Summit Ski Jacket,XL,Pink
2868,Savvy Summit Ski Jacket,XL,Brown
2869,Savvy Summit Ski Jacket,XL,Black
2870,Savvy Summit Ski Jacket,XL,White
2871,Savvy Summit Ski Jacket,XXL,Red
2872,Savvy Summit Ski Jacket,XXL,Blue
2873,Savvy Summit Ski Jacket,XXL,Green
2874,Savvy Summit Ski Jacket,XXL,Yellow
2875,Savvy Summit Ski Jacket,XXL,Purple
2876,Savvy Summit Ski Jacket,XXL,Orange
2877,Savvy Summit Ski Jacket,XXL,Pink
2878,Savvy Summit Ski Jacket,XXL,Brown
2879,Savvy Summit Ski Jacket,XXL,Black
2880,Savvy Summit Ski Jacket,XXL,White
2881,Nomad's Nautical Necktie,XS,Red
2882,Nomad's Nautical Necktie,XS,Blue
2883,Nomad's Nautical Necktie,XS,Green
2884,Nomad's Nautical Necktie,XS,Yellow
2885,Nomad's Nautical Necktie,XS,Purple
2886,Nomad's Nautical Necktie,XS,Orange
2887,Nomad's Nautical Necktie,XS,Pink
2888,Nomad's Nautical Necktie,XS,Brown
2889,Nomad's Nautical Necktie,XS,Black
2890,Nomad's Nautical Necktie,XS,White
2891,Nomad's Nautical Necktie,S,Red
2892,Nomad's Nautical Necktie,S,Blue
2893,Nomad's Nautical Necktie,S,Green
2894,Nomad's Nautical Necktie,S,Yellow
2895,Nomad's Nautical Necktie,S,Purple
2896,Nomad's Nautical Necktie,S,Orange
2897,Nomad's Nautical Necktie,S,Pink
2898,Nomad's Nautical Necktie,S,Brown
2899,Nomad's Nautical Necktie,S,Black
2900,Nomad's Nautical Necktie,S,White
2901,Nomad's Nautical Necktie,M,Red
2902,Nomad's Nautical Necktie,M,Blue
2903,Nomad's Nautical Necktie,M,Green
2904,Nomad's Nautical Necktie,M,Yellow
2905,Nomad's Nautical Necktie,M,Purple
2906,Nomad's Nautical Necktie,M,Orange
2907,Nomad's Nautical Necktie,M,Pink
2908,Nomad's Nautical Necktie,M,Brown
2909,Nomad's Nautical Necktie,M,Black
2910,Nomad's Nautical Necktie,M,White
2911,Nomad's Nautical Necktie,L,Red
2912,Nomad's Nautical Necktie,L,Blue
2913,Nomad's Nautical Necktie,L,Green
2914,Nomad's Nautical Necktie,L,Yellow
2915,Nomad's Nautical Necktie,L,Purple
2916,Nomad's Nautical Necktie,L,Orange
2917,Nomad's Nautical Necktie,L,Pink
2918,Nomad's Nautical Necktie,L,Brown
2919,Nomad's Nautical Necktie,L,Black
2920,Nomad's Nautical Necktie,L,White
2921,Nomad's Nautical Necktie,XL,Red
2922,Nomad's Nautical Necktie,XL,Blue
2923,Nomad's Nautical Necktie,XL,Green
2924,Nomad's Nautical Necktie,XL,Yellow
2925,Nomad's Nautical Necktie,XL,Purple
2926,Nomad's Nautical Necktie,XL,Orange
2927,Nomad's Nautical Necktie,XL,Pink
2928,Nomad's Nautical Necktie,XL,Brown
2929,Nomad's Nautical Necktie,XL,Black
2930,Nomad's Nautical Necktie,XL,White
2931,Nomad's Nautical Necktie,XXL,Red
2932,Nomad's Nautical Necktie,XXL,Blue
2933,Nomad's Nautical Necktie,XXL,Green
2934,Nomad's Nautical Necktie,XXL,Yellow
2935,Nomad's Nautical Necktie,XXL,Purple
2936,Nomad's Nautical Necktie,XXL,Orange
2937,Nomad's Nautical Necktie,XXL,Pink
2938,Nomad's Nautical Necktie,XXL,Brown
2939,Nomad's Nautical Necktie,XXL,Black
2940,Nomad's Nautical Necktie,XXL,White
2941,Panthera Peak Parka,XS,Red
2942,Panthera Peak Parka,XS,Blue
2943,Panthera Peak Parka,XS,Green
2944,Panthera Peak Parka,XS,Yellow
2945,Panthera Peak Parka,XS,Purple
2946,Panthera Peak Parka,XS,Orange
2947,Panthera Peak Parka,XS,Pink
2948,Panthera Peak Parka,XS,Brown
2949,Panthera Peak Parka,XS,Black
2950,Panthera Peak Parka,XS,White
2951,Panthera Peak Parka,S,Red
2952,Panthera Peak Parka,S,Blue
2953,Panthera Peak Parka,S,Green
2954,Panthera Peak Parka,S,Yellow
2955,Panthera Peak Parka,S,Purple
2956,Panthera Peak Parka,S,Orange
2957,Panthera Peak Parka,S,Pink
2958,Panthera Peak Parka,S,Brown
2959,Panthera Peak Parka,S,Black
2960,Panthera Peak Parka,S,White
2961,Panthera Peak Parka,M,Red
2962,Panthera Peak Parka,M,Blue
2963,Panthera Peak Parka,M,Green
2964,Panthera Peak Parka,M,Yellow
2965,Panthera Peak Parka,M,Purple
2966,Panthera Peak Parka,M,Orange
2967,Panthera Peak Parka,M,Pink
2968,Panthera Peak Parka,M,Brown
2969,Panthera Peak Parka,M,Black
2970,Panthera Peak Parka,M,White
2971,Panthera Peak Parka,L,Red
2972,Panthera Peak Parka,L,Blue
2973,Panthera Peak Parka,L,Green
2974,Panthera Peak Parka,L,Yellow
2975,Panthera Peak Parka,L,Purple
2976,Panthera Peak Parka,L,Orange
2977,Panthera Peak Parka,L,Pink
2978,Panthera Peak Parka,L,Brown
2979,Panthera Peak Parka,L,Black
2980,Panthera Peak Parka,L,White
2981,Panthera Peak Parka,XL,Red
2982,Panthera Peak Parka,XL,Blue
2983,Panthera Peak Parka,XL,Green
2984,Panthera Peak Parka,XL,Yellow
2985,Panthera Peak Parka,XL,Purple
2986,Panthera Peak Parka,XL,Orange
2987,Panthera Peak Parka,XL,Pink
2988,Panthera Peak Parka,XL,Brown
2989,Panthera Peak Parka,XL,Black
2990,Panthera Peak Parka,XL,White
2991,Panthera Peak Parka,XXL,Red
2992,Panthera Peak Parka,XXL,Blue
2993,Panthera Peak Parka,XXL,Green
2994,Panthera Peak Parka,XXL,Yellow
2995,Panthera Peak Parka,XXL,Purple
2996,Panthera Peak Parka,XXL,Orange
2997,Panthera Peak Parka,XXL,Pink
2998,Panthera Peak Parka,XXL,Brown
2999,Panthera Peak Parka,XXL,Black
3000,Panthera Peak Parka,XXL,White
3001,Stellar Safari Shorts,XS,Red
3002,Stellar Safari Shorts,XS,Blue
3003,Stellar Safari Shorts,XS,Green
3004,Stellar Safari Shorts,XS,Yellow
3005,Stellar Safari Shorts,XS,Purple
3006,Stellar Safari Shorts,XS,Orange
3007,Stellar Safari Shorts,XS,Pink
3008,Stellar Safari Shorts,XS,Brown
3009,Stellar Safari Shorts,XS,Black
3010,Stellar Safari Shorts,XS,White
3011,Stellar Safari Shorts,S,Red
3012,Stellar Safari Shorts,S,Blue
3013,Stellar Safari Shorts,S,Green
3014,Stellar Safari Shorts,S,Yellow
3015,Stellar Safari Shorts,S,Purple
3016,Stellar Safari Shorts,S,Orange
3017,Stellar Safari Shorts,S,Pink
3018,Stellar Safari Shorts,S,Brown
3019,Stellar Safari Shorts,S,Black
3020,Stellar Safari Shorts,S,White
3021,Stellar Safari Shorts,M,Red
3022,Stellar Safari Shorts,M,Blue
3023,Stellar Safari Shorts,M,Green
3024,Stellar Safari Shorts,M,Yellow
3025,Stellar Safari Shorts,M,Purple
3026,Stellar Safari Shorts,M,Orange
3027,Stellar Safari Shorts,M,Pink
3028,Stellar Safari Shorts,M,Brown
3029,Stellar Safari Shorts,M,Black
3030,Stellar Safari Shorts,M,White
3031,Stellar Safari Shorts,L,Red
3032,Stellar Safari Shorts,L,Blue
3033,Stellar Safari Shorts,L,Green
3034,Stellar Safari Shorts,L,Yellow
3035,Stellar Safari Shorts,L,Purple
3036,Stellar Safari Shorts,L,Orange
3037,Stellar Safari Shorts,L,Pink
3038,Stellar Safari Shorts,L,Brown
3039,Stellar Safari Shorts,L,Black
3040,Stellar Safari Shorts,L,White
3041,Stellar Safari Shorts,XL,Red
3042,Stellar Safari Shorts,XL,Blue
3043,Stellar Safari Shorts,XL,Green
3044,Stellar Safari Shorts,XL,Yellow
3045,Stellar Safari Shorts,XL,Purple
3046,Stellar Safari Shorts,XL,Orange
3047,Stellar Safari Shorts,XL,Pink
3048,Stellar Safari Shorts,XL,Brown
3049,Stellar Safari Shorts,XL,Black
3050,Stellar Safari Shorts,XL,White
3051,Stellar Safari Shorts,XXL,Red
3052,Stellar Safari Shorts,XXL,Blue
3053,Stellar Safari Shorts,XXL,Green
3054,Stellar Safari Shorts,XXL,Yellow
3055,Stellar Safari Shorts,XXL,Purple
3056,Stellar Safari Shorts,XXL,Orange
3057,Stellar Safari Shorts,XXL,Pink
3058,Stellar Safari Shorts,XXL,Brown
3059,Stellar Safari Shorts,XXL,Black
3060,Stellar Safari Shorts,XXL,White
3061,Zenith Zephyr Zip-Up,XS,Red
3062,Zenith Zephyr Zip-Up,XS,Blue
3063,Zenith Zephyr Zip-Up,XS,Green
3064,Zenith Zephyr Zip-Up,XS,Yellow
3065,Zenith Zephyr Zip-Up,XS,Purple
3066,Zenith Zephyr Zip-Up,XS,Orange
3067,Zenith Zephyr Zip-Up,XS,Pink
3068,Zenith Zephyr Zip-Up,XS,Brown
3069,Zenith Zephyr Zip-Up,XS,Black
3070,Zenith Zephyr Zip-Up,XS,White
3071,Zenith Zephyr Zip-Up,S,Red
3072,Zenith Zephyr Zip-Up,S,Blue
3073,Zenith Zephyr Zip-Up,S,Green
3074,Zenith Zephyr Zip-Up,S,Yellow
3075,Zenith Zephyr Zip-Up,S,Purple
3076,Zenith Zephyr Zip-Up,S,Orange
3077,Zenith Zephyr Zip-Up,S,Pink
3078,Zenith Zephyr Zip-Up,S,Brown
3079,Zenith Zephyr Zip-Up,S,Black
3080,Zenith Zephyr Zip-Up,S,White
3081,Zenith Zephyr Zip-Up,M,Red
3082,Zenith Zephyr Zip-Up,M,Blue
3083,Zenith Zephyr Zip-Up,M,Green
3084,Zenith Zephyr Zip-Up,M,Yellow
3085,Zenith Zephyr Zip-Up,M,Purple
3086,Zenith Zephyr Zip-Up,M,Orange
3087,Zenith Zephyr Zip-Up,M,Pink
3088,Zenith Zephyr Zip-Up,M,Brown
3089,Zenith Zephyr Zip-Up,M,Black
3090,Zenith Zephyr Zip-Up,M,White
3091,Zenith Zephyr Zip-Up,L,Red
3092,Zenith Zephyr Zip-Up,L,Blue
3093,Zenith Zephyr Zip-Up,L,Green
3094,Zenith Zephyr Zip-Up,L,Yellow
3095,Zenith Zephyr Zip-Up,L,Purple
3096,Zenith Zephyr Zip-Up,L,Orange
3097,Zenith Zephyr Zip-Up,L,Pink
3098,Zenith Zephyr Zip-Up,L,Brown
3099,Zenith Zephyr Zip-Up,L,Black
3100,Zenith Zephyr Zip-Up,L,White
3101,Zenith Zephyr Zip-Up,XL,Red
3102,Zenith Zephyr Zip-Up,XL,Blue
3103,Zenith Zephyr Zip-Up,XL,Green
3104,Zenith Zephyr Zip-Up,XL,Yellow
3105,Zenith Zephyr Zip-Up,XL,Purple
3106,Zenith Zephyr Zip-Up,XL,Orange
3107,Zenith Zephyr Zip-Up,XL,Pink
3108,Zenith Zephyr Zip-Up,XL,Brown
3109,Zenith Zephyr Zip-Up,XL,Black
3110,Zenith Zephyr Zip-Up,XL,White
3111,Zenith Zephyr Zip-Up,XXL,Red
3112,Zenith Zephyr Zip-Up,XXL,Blue
3113,Zenith Zephyr Zip-Up,XXL,Green
3114,Zenith Zephyr Zip-Up,XXL,Yellow
3115,Zenith Zephyr Zip-Up,XXL,Purple
3116,Zenith Zephyr Zip-Up,XXL,Orange
3117,Zenith Zephyr Zip-Up,XXL,Pink
3118,Zenith Zephyr Zip-Up,XXL,Brown
3119,Zenith Zephyr Zip-Up,XXL,Black
3120,Zenith Zephyr Zip-Up,XXL,White
3121,Rogue Rendezvous Raincoat,XS,Red
3122,Rogue Rendezvous Raincoat,XS,Blue
3123,Rogue Rendezvous Raincoat,XS,Green
3124,Rogue Rendezvous Raincoat,XS,Yellow
3125,Rogue Rendezvous Raincoat,XS,Purple
3126,Rogue Rendezvous Raincoat,XS,Orange
3127,Rogue Rendezvous Raincoat,XS,Pink
3128,Rogue Rendezvous Raincoat,XS,Brown
3129,Rogue Rendezvous Raincoat,XS,Black
3130,Rogue Rendezvous Raincoat,XS,White
3131,Rogue Rendezvous Raincoat,S,Red
3132,Rogue Rendezvous Raincoat,S,Blue
3133,Rogue Rendezvous Raincoat,S,Green
3134,Rogue Rendezvous Raincoat,S,Yellow
3135,Rogue Rendezvous Raincoat,S,Purple
3136,Rogue Rendezvous Raincoat,S,Orange
3137,Rogue Rendezvous Raincoat,S,Pink
3138,Rogue Rendezvous Raincoat,S,Brown
3139,Rogue Rendezvous Raincoat,S,Black
3140,Rogue Rendezvous Raincoat,S,White
3141,Rogue Rendezvous Raincoat,M,Red
3142,Rogue Rendezvous Raincoat,M,Blue
3143,Rogue Rendezvous Raincoat,M,Green
3144,Rogue Rendezvous Raincoat,M,Yellow
3145,Rogue Rendezvous Raincoat,M,Purple
3146,Rogue Rendezvous Raincoat,M,Orange
3147,Rogue Rendezvous Raincoat,M,Pink
3148,Rogue Rendezvous Raincoat,M,Brown
3149,Rogue Rendezvous Raincoat,M,Black
3150,Rogue Rendezvous Raincoat,M,White
3151,Rogue Rendezvous Raincoat,L,Red
3152,Rogue Rendezvous Raincoat,L,Blue
3153,Rogue Rendezvous Raincoat,L,Green
3154,Rogue Rendezvous Raincoat,L,Yellow
3155,Rogue Rendezvous Raincoat,L,Purple
3156,Rogue Rendezvous Raincoat,L,Orange
3157,Rogue Rendezvous Raincoat,L,Pink
3158,Rogue Rendezvous Raincoat,L,Brown
3159,Rogue Rendezvous Raincoat,L,Black
3160,Rogue Rendezvous Raincoat,L,White
3161,Rogue Rendezvous Raincoat,XL,Red
3162,Rogue Rendezvous Raincoat,XL,Blue
3163,Rogue Rendezvous Raincoat,XL,Green
3164,Rogue Rendezvous Raincoat,XL,Yellow
3165,Rogue Rendezvous Raincoat,XL,Purple
3166,Rogue Rendezvous Raincoat,XL,Orange
3167,Rogue Rendezvous Raincoat,XL,Pink
3168,Rogue Rendezvous Raincoat,XL,Brown
3169,Rogue Rendezvous Raincoat,XL,Black
3170,Rogue Rendezvous Raincoat,XL,White
3171,Rogue Rendezvous Raincoat,XXL,Red
3172,Rogue Rendezvous Raincoat,XXL,Blue
3173,Rogue Rendezvous Raincoat,XXL,Green
3174,Rogue Rendezvous Raincoat,XXL,Yellow
3175,Rogue Rendezvous Raincoat,XXL,Purple
3176,Rogue Rendezvous Raincoat,XXL,Orange
3177,Rogue Rendezvous Raincoat,XXL,Pink
3178,Rogue Rendezvous Raincoat,XXL,Brown
3179,Rogue Rendezvous Raincoat,XXL,Black
3180,Rogue Rendezvous Raincoat,XXL,White
3181,Pinnacle Plaid Polo,XS,Red
3182,Pinnacle Plaid Polo,XS,Blue
3183,Pinnacle Plaid Polo,XS,Green
3184,Pinnacle Plaid Polo,XS,Yellow
3185,Pinnacle Plaid Polo,XS,Purple
3186,Pinnacle Plaid Polo,XS,Orange
3187,Pinnacle Plaid Polo,XS,Pink
3188,Pinnacle Plaid Polo,XS,Brown
3189,Pinnacle Plaid Polo,XS,Black
3190,Pinnacle Plaid Polo,XS,White
3191,Pinnacle Plaid Polo,S,Red
3192,Pinnacle Plaid Polo,S,Blue
3193,Pinnacle Plaid Polo,S,Green
3194,Pinnacle Plaid Polo,S,Yellow
3195,Pinnacle Plaid Polo,S,Purple
3196,Pinnacle Plaid Polo,S,Orange
3197,Pinnacle Plaid Polo,S,Pink
3198,Pinnacle Plaid Polo,S,Brown
3199,Pinnacle Plaid Polo,S,Black
3200,Pinnacle Plaid Polo,S,White
3201,Pinnacle Plaid Polo,M,Red
3202,Pinnacle Plaid Polo,M,Blue
3203,Pinnacle Plaid Polo,M,Green
3204,Pinnacle Plaid Polo,M,Yellow
3205,Pinnacle Plaid Polo,M,Purple
3206,Pinnacle Plaid Polo,M,Orange
3207,Pinnacle Plaid Polo,M,Pink
3208,Pinnacle Plaid Polo,M,Brown
3209,Pinnacle Plaid Polo,M,Black
3210,Pinnacle Plaid Polo,M,White
3211,Pinnacle Plaid Polo,L,Red
3212,Pinnacle Plaid Polo,L,Blue
3213,Pinnacle Plaid Polo,L,Green
3214,Pinnacle Plaid Polo,L,Yellow
3215,Pinnacle Plaid Polo,L,Purple
3216,Pinnacle Plaid Polo,L,Orange
3217,Pinnacle Plaid Polo,L,Pink
3218,Pinnacle Plaid Polo,L,Brown
3219,Pinnacle Plaid Polo,L,Black
3220,Pinnacle Plaid Polo,L,White
3221,Pinnacle Plaid Polo,XL,Red
3222,Pinnacle Plaid Polo,XL,Blue
3223,Pinnacle Plaid Polo,XL,Green
3224,Pinnacle Plaid Polo,XL,Yellow
3225,Pinnacle Plaid Polo,XL,Purple
3226,Pinnacle Plaid Polo,XL,Orange
3227,Pinnacle Plaid Polo,XL,Pink
3228,Pinnacle Plaid Polo,XL,Brown
3229,Pinnacle Plaid Polo,XL,Black
3230,Pinnacle Plaid Polo,XL,White
3231,Pinnacle Plaid Polo,XXL,Red
3232,Pinnacle Plaid Polo,XXL,Blue
3233,Pinnacle Plaid Polo,XXL,Green
3234,Pinnacle Plaid Polo,XXL,Yellow
3235,Pinnacle Plaid Polo,XXL,Purple
3236,Pinnacle Plaid Polo,XXL,Orange
3237,Pinnacle Plaid Polo,XXL,Pink
3238,Pinnacle Plaid Polo,XXL,Brown
3239,Pinnacle Plaid Polo,XXL,Black
3240,Pinnacle Plaid Polo,XXL,White
3241,Titanium Trailblazer Turtleneck,XS,Red
3242,Titanium Trailblazer Turtleneck,XS,Blue
3243,Titanium Trailblazer Turtleneck,XS,Green
3244,Titanium Trailblazer Turtleneck,XS,Yellow
3245,Titanium Trailblazer Turtleneck,XS,Purple
3246,Titanium Trailblazer Turtleneck,XS,Orange
3247,Titanium Trailblazer Turtleneck,XS,Pink
3248,Titanium Trailblazer Turtleneck,XS,Brown
3249,Titanium Trailblazer Turtleneck,XS,Black
3250,Titanium Trailblazer Turtleneck,XS,White
3251,Titanium Trailblazer Turtleneck,S,Red
3252,Titanium Trailblazer Turtleneck,S,Blue
3253,Titanium Trailblazer Turtleneck,S,Green
3254,Titanium Trailblazer Turtleneck,S,Yellow
3255,Titanium Trailblazer Turtleneck,S,Purple
3256,Titanium Trailblazer Turtleneck,S,Orange
3257,Titanium Trailblazer Turtleneck,S,Pink
3258,Titanium Trailblazer Turtleneck,S,Brown
3259,Titanium Trailblazer Turtleneck,S,Black
3260,Titanium Trailblazer Turtleneck,S,White
3261,Titanium Trailblazer Turtleneck,M,Red
3262,Titanium Trailblazer Turtleneck,M,Blue
3263,Titanium Trailblazer Turtleneck,M,Green
3264,Titanium Trailblazer Turtleneck,M,Yellow
3265,Titanium Trailblazer Turtleneck,M,Purple
3266,Titanium Trailblazer Turtleneck,M,Orange
3267,Titanium Trailblazer Turtleneck,M,Pink
3268,Titanium Trailblazer Turtleneck,M,Brown
3269,Titanium Trailblazer Turtleneck,M,Black
3270,Titanium Trailblazer Turtleneck,M,White
3271,Titanium Trailblazer Turtleneck,L,Red
3272,Titanium Trailblazer Turtleneck,L,Blue
3273,Titanium Trailblazer Turtleneck,L,Green
3274,Titanium Trailblazer Turtleneck,L,Yellow
3275,Titanium Trailblazer Turtleneck,L,Purple
3276,Titanium Trailblazer Turtleneck,L,Orange
3277,Titanium Trailblazer Turtleneck,L,Pink
3278,Titanium Trailblazer Turtleneck,L,Brown
3279,Titanium Trailblazer Turtleneck,L,Black
3280,Titanium Trailblazer Turtleneck,L,White
3281,Titanium Trailblazer Turtleneck,XL,Red
3282,Titanium Trailblazer Turtleneck,XL,Blue
3283,Titanium Trailblazer Turtleneck,XL,Green
3284,Titanium Trailblazer Turtleneck,XL,Yellow
3285,Titanium Trailblazer Turtleneck,XL,Purple
3286,Titanium Trailblazer Turtleneck,XL,Orange
3287,Titanium Trailblazer Turtleneck,XL,Pink
3288,Titanium Trailblazer Turtleneck,XL,Brown
3289,Titanium Trailblazer Turtleneck,XL,Black
3290,Titanium Trailblazer Turtleneck,XL,White
3291,Titanium Trailblazer Turtleneck,XXL,Red
3292,Titanium Trailblazer Turtleneck,XXL,Blue
3293,Titanium Trailblazer Turtleneck,XXL,Green
3294,Titanium Trailblazer Turtleneck,XXL,Yellow
3295,Titanium Trailblazer Turtleneck,XXL,Purple
3296,Titanium Trailblazer Turtleneck,XXL,Orange
3297,Titanium Trailblazer Turtleneck,XXL,Pink
3298,Titanium Trailblazer Turtleneck,XXL,Brown
3299,Titanium Trailblazer Turtleneck,XXL,Black
3300,Titanium Trailblazer Turtleneck,XXL,White
3301,Vanguard Verve Vest,XS,Red
3302,Vanguard Verve Vest,XS,Blue
3303,Vanguard Verve Vest,XS,Green
3304,Vanguard Verve Vest,XS,Yellow
3305,Vanguard Verve Vest,XS,Purple
3306,Vanguard Verve Vest,XS,Orange
3307,Vanguard Verve Vest,XS,Pink
3308,Vanguard Verve Vest,XS,Brown
3309,Vanguard Verve Vest,XS,Black
3310,Vanguard Verve Vest,XS,White
3311,Vanguard Verve Vest,S,Red
3312,Vanguard Verve Vest,S,Blue
3313,Vanguard Verve Vest,S,Green
3314,Vanguard Verve Vest,S,Yellow
3315,Vanguard Verve Vest,S,Purple
3316,Vanguard Verve Vest,S,Orange
3317,Vanguard Verve Vest,S,Pink
3318,Vanguard Verve Vest,S,Brown
3319,Vanguard Verve Vest,S,Black
3320,Vanguard Verve Vest,S,White
3321,Vanguard Verve Vest,M,Red
3322,Vanguard Verve Vest,M,Blue
3323,Vanguard Verve Vest,M,Green
3324,Vanguard Verve Vest,M,Yellow
3325,Vanguard Verve Vest,M,Purple
3326,Vanguard Verve Vest,M,Orange
3327,Vanguard Verve Vest,M,Pink
3328,Vanguard Verve Vest,M,Brown
3329,Vanguard Verve Vest,M,Black
3330,Vanguard Verve Vest,M,White
3331,Vanguard Verve Vest,L,Red
3332,Vanguard Verve Vest,L,Blue
3333,Vanguard Verve Vest,L,Green
3334,Vanguard Verve Vest,L,Yellow
3335,Vanguard Verve Vest,L,Purple
3336,Vanguard Verve Vest,L,Orange
3337,Vanguard Verve Vest,L,Pink
3338,Vanguard Verve Vest,L,Brown
3339,Vanguard Verve Vest,L,Black
3340,Vanguard Verve Vest,L,White
3341,Vanguard Verve Vest,XL,Red
3342,Vanguard Verve Vest,XL,Blue
3343,Vanguard Verve Vest,XL,Green
3344,Vanguard Verve Vest,XL,Yellow
3345,Vanguard Verve Vest,XL,Purple
3346,Vanguard Verve Vest,XL,Orange
3347,Vanguard Verve Vest,XL,Pink
3348,Vanguard Verve Vest,XL,Brown
3349,Vanguard Verve Vest,XL,Black
3350,Vanguard Verve Vest,XL,White
3351,Vanguard Verve Vest,XXL,Red
3352,Vanguard Verve Vest,XXL,Blue
3353,Vanguard Verve Vest,XXL,Green
3354,Vanguard Verve Vest,XXL,Yellow
3355,Vanguard Verve Vest,XXL,Purple
3356,Vanguard Verve Vest,XXL,Orange
3357,Vanguard Verve Vest,XXL,Pink
3358,Vanguard Verve Vest,XXL,Brown
3359,Vanguard Verve Vest,XXL,Black
3360,Vanguard Verve Vest,XXL,White
3361,Cosmic Courier Cardigan,XS,Red
3362,Cosmic Courier Cardigan,XS,Blue
3363,Cosmic Courier Cardigan,XS,Green
3364,Cosmic Courier Cardigan,XS,Yellow
3365,Cosmic Courier Cardigan,XS,Purple
3366,Cosmic Courier Cardigan,XS,Orange
3367,Cosmic Courier Cardigan,XS,Pink
3368,Cosmic Courier Cardigan,XS,Brown
3369,Cosmic Courier Cardigan,XS,Black
3370,Cosmic Courier Cardigan,XS,White
3371,Cosmic Courier Cardigan,S,Red
3372,Cosmic Courier Cardigan,S,Blue
3373,Cosmic Courier Cardigan,S,Green
3374,Cosmic Courier Cardigan,S,Yellow
3375,Cosmic Courier Cardigan,S,Purple
3376,Cosmic Courier Cardigan,S,Orange
3377,Cosmic Courier Cardigan,S,Pink
3378,Cosmic Courier Cardigan,S,Brown
3379,Cosmic Courier Cardigan,S,Black
3380,Cosmic Courier Cardigan,S,White
3381,Cosmic Courier Cardigan,M,Red
3382,Cosmic Courier Cardigan,M,Blue
3383,Cosmic Courier Cardigan,M,Green
3384,Cosmic Courier Cardigan,M,Yellow
3385,Cosmic Courier Cardigan,M,Purple
3386,Cosmic Courier Cardigan,M,Orange
3387,Cosmic Courier Cardigan,M,Pink
3388,Cosmic Courier Cardigan,M,Brown
3389,Cosmic Courier Cardigan,M,Black
3390,Cosmic Courier Cardigan,M,White
3391,Cosmic Courier Cardigan,L,Red
3392,Cosmic Courier Cardigan,L,Blue
3393,Cosmic Courier Cardigan,L,Green
3394,Cosmic Courier Cardigan,L,Yellow
3395,Cosmic Courier Cardigan,L,Purple
3396,Cosmic Courier Cardigan,L,Orange
3397,Cosmic Courier Cardigan,L,Pink
3398,Cosmic Courier Cardigan,L,Brown
3399,Cosmic Courier Cardigan,L,Black
3400,Cosmic Courier Cardigan,L,White
3401,Cosmic Courier Cardigan,XL,Red
3402,Cosmic Courier Cardigan,XL,Blue
3403,Cosmic Courier Cardigan,XL,Green
3404,Cosmic Courier Cardigan,XL,Yellow
3405,Cosmic Courier Cardigan,XL,Purple
3406,Cosmic Courier Cardigan,XL,Orange
3407,Cosmic Courier Cardigan,XL,Pink
3408,Cosmic Courier Cardigan,XL,Brown
3409,Cosmic Courier Cardigan,XL,Black
3410,Cosmic Courier Cardigan,XL,White
3411,Cosmic Courier Cardigan,XXL,Red
3412,Cosmic Courier Cardigan,XXL,Blue
3413,Cosmic Courier Cardigan,XXL,Green
3414,Cosmic Courier Cardigan,XXL,Yellow
3415,Cosmic Courier Cardigan,XXL,Purple
3416,Cosmic Courier Cardigan,XXL,Orange
3417,Cosmic Courier Cardigan,XXL,Pink
3418,Cosmic Courier Cardigan,XXL,Brown
3419,Cosmic Courier Cardigan,XXL,Black
3420,Cosmic Courier Cardigan,XXL,White
3421,Quantum Quilted Quiver,XS,Red
3422,Quantum Quilted Quiver,XS,Blue
3423,Quantum Quilted Quiver,XS,Green
3424,Quantum Quilted Quiver,XS,Yellow
3425,Quantum Quilted Quiver,XS,Purple
3426,Quantum Quilted Quiver,XS,Orange
3427,Quantum Quilted Quiver,XS,Pink
3428,Quantum Quilted Quiver,XS,Brown
3429,Quantum Quilted Quiver,XS,Black
3430,Quantum Quilted Quiver,XS,White
3431,Quantum Quilted Quiver,S,Red
3432,Quantum Quilted Quiver,S,Blue
3433,Quantum Quilted Quiver,S,Green
3434,Quantum Quilted Quiver,S,Yellow
3435,Quantum Quilted Quiver,S,Purple
3436,Quantum Quilted Quiver,S,Orange
3437,Quantum Quilted Quiver,S,Pink
3438,Quantum Quilted Quiver,S,Brown
3439,Quantum Quilted Quiver,S,Black
3440,Quantum Quilted Quiver,S,White
3441,Quantum Quilted Quiver,M,Red
3442,Quantum Quilted Quiver,M,Blue
3443,Quantum Quilted Quiver,M,Green
3444,Quantum Quilted Quiver,M,Yellow
3445,Quantum Quilted Quiver,M,Purple
3446,Quantum Quilted Quiver,M,Orange
3447,Quantum Quilted Quiver,M,Pink
3448,Quantum Quilted Quiver,M,Brown
3449,Quantum Quilted Quiver,M,Black
3450,Quantum Quilted Quiver,M,White
3451,Quantum Quilted Quiver,L,Red
3452,Quantum Quilted Quiver,L,Blue
3453,Quantum Quilted Quiver,L,Green
3454,Quantum Quilted Quiver,L,Yellow
3455,Quantum Quilted Quiver,L,Purple
3456,Quantum Quilted Quiver,L,Orange
3457,Quantum Quilted Quiver,L,Pink
3458,Quantum Quilted Quiver,L,Brown
3459,Quantum Quilted Quiver,L,Black
3460,Quantum Quilted Quiver,L,White
3461,Quantum Quilted Quiver,XL,Red
3462,Quantum Quilted Quiver,XL,Blue
3463,Quantum Quilted Quiver,XL,Green
3464,Quantum Quilted Quiver,XL,Yellow
3465,Quantum Quilted Quiver,XL,Purple
3466,Quantum Quilted Quiver,XL,Orange
3467,Quantum Quilted Quiver,XL,Pink
3468,Quantum Quilted Quiver,XL,Brown
3469,Quantum Quilted Quiver,XL,Black
3470,Quantum Quilted Quiver,XL,White
3471,Quantum Quilted Quiver,XXL,Red
3472,Quantum Quilted Quiver,XXL,Blue
3473,Quantum Quilted Quiver,XXL,Green
3474,Quantum Quilted Quiver,XXL,Yellow
3475,Quantum Quilted Quiver,XXL,Purple
3476,Quantum Quilted Quiver,XXL,Orange
3477,Quantum Quilted Quiver,XXL,Pink
3478,Quantum Quilted Quiver,XXL,Brown
3479,Quantum Quilted Quiver,XXL,Black
3480,Quantum Quilted Quiver,XXL,White
3481,Gravity Guardian Gloves,XS,Red
3482,Gravity Guardian Gloves,XS,Blue
3483,Gravity Guardian Gloves,XS,Green
3484,Gravity Guardian Gloves,XS,Yellow
3485,Gravity Guardian Gloves,XS,Purple
3486,Gravity Guardian Gloves,XS,Orange
3487,Gravity Guardian Gloves,XS,Pink
3488,Gravity Guardian Gloves,XS,Brown
3489,Gravity Guardian Gloves,XS,Black
3490,Gravity Guardian Gloves,XS,White
3491,Gravity Guardian Gloves,S,Red
3492,Gravity Guardian Gloves,S,Blue
3493,Gravity Guardian Gloves,S,Green
3494,Gravity Guardian Gloves,S,Yellow
3495,Gravity Guardian Gloves,S,Purple
3496,Gravity Guardian Gloves,S,Orange
3497,Gravity Guardian Gloves,S,Pink
3498,Gravity Guardian Gloves,S,Brown
3499,Gravity Guardian Gloves,S,Black
3500,Gravity Guardian Gloves,S,White
3501,Gravity Guardian Gloves,M,Red
3502,Gravity Guardian Gloves,M,Blue
3503,Gravity Guardian Gloves,M,Green
3504,Gravity Guardian Gloves,M,Yellow
3505,Gravity Guardian Gloves,M,Purple
3506,Gravity Guardian Gloves,M,Orange
3507,Gravity Guardian Gloves,M,Pink
3508,Gravity Guardian Gloves,M,Brown
3509,Gravity Guardian Gloves,M,Black
3510,Gravity Guardian Gloves,M,White
3511,Gravity Guardian Gloves,L,Red
3512,Gravity Guardian Gloves,L,Blue
3513,Gravity Guardian Gloves,L,Green
3514,Gravity Guardian Gloves,L,Yellow
3515,Gravity Guardian Gloves,L,Purple
3516,Gravity Guardian Gloves,L,Orange
3517,Gravity Guardian Gloves,L,Pink
3518,Gravity Guardian Gloves,L,Brown
3519,Gravity Guardian Gloves,L,Black
3520,Gravity Guardian Gloves,L,White
3521,Gravity Guardian Gloves,XL,Red
3522,Gravity Guardian Gloves,XL,Blue
3523,Gravity Guardian Gloves,XL,Green
3524,Gravity Guardian Gloves,XL,Yellow
3525,Gravity Guardian Gloves,XL,Purple
3526,Gravity Guardian Gloves,XL,Orange
3527,Gravity Guardian Gloves,XL,Pink
3528,Gravity Guardian Gloves,XL,Brown
3529,Gravity Guardian Gloves,XL,Black
3530,Gravity Guardian Gloves,XL,White
3531,Gravity Guardian Gloves,XXL,Red
3532,Gravity Guardian Gloves,XXL,Blue
3533,Gravity Guardian Gloves,XXL,Green
3534,Gravity Guardian Gloves,XXL,Yellow
3535,Gravity Guardian Gloves,XXL,Purple
3536,Gravity Guardian Gloves,XXL,Orange
3537,Gravity Guardian Gloves,XXL,Pink
3538,Gravity Guardian Gloves,XXL,Brown
3539,Gravity Guardian Gloves,XXL,Black
3540,Gravity Guardian Gloves,XXL,White
3541,Nebula Nomad Necktie,XS,Red
3542,Nebula Nomad Necktie,XS,Blue
3543,Nebula Nomad Necktie,XS,Green
3544,Nebula Nomad Necktie,XS,Yellow
3545,Nebula Nomad Necktie,XS,Purple
3546,Nebula Nomad Necktie,XS,Orange
3547,Nebula Nomad Necktie,XS,Pink
3548,Nebula Nomad Necktie,XS,Brown
3549,Nebula Nomad Necktie,XS,Black
3550,Nebula Nomad Necktie,XS,White
3551,Nebula Nomad Necktie,S,Red
3552,Nebula Nomad Necktie,S,Blue
3553,Nebula Nomad Necktie,S,Green
3554,Nebula Nomad Necktie,S,Yellow
3555,Nebula Nomad Necktie,S,Purple
3556,Nebula Nomad Necktie,S,Orange
3557,Nebula Nomad Necktie,S,Pink
3558,Nebula Nomad Necktie,S,Brown
3559,Nebula Nomad Necktie,S,Black
3560,Nebula Nomad Necktie,S,White
3561,Nebula Nomad Necktie,M,Red
3562,Nebula Nomad Necktie,M,Blue
3563,Nebula Nomad Necktie,M,Green
3564,Nebula Nomad Necktie,M,Yellow
3565,Nebula Nomad Necktie,M,Purple
3566,Nebula Nomad Necktie,M,Orange
3567,Nebula Nomad Necktie,M,Pink
3568,Nebula Nomad Necktie,M,Brown
3569,Nebula Nomad Necktie,M,Black
3570,Nebula Nomad Necktie,M,White
3571,Nebula Nomad Necktie,L,Red
3572,Nebula Nomad Necktie,L,Blue
3573,Nebula Nomad Necktie,L,Green
3574,Nebula Nomad Necktie,L,Yellow
3575,Nebula Nomad Necktie,L,Purple
3576,Nebula Nomad Necktie,L,Orange
3577,Nebula Nomad Necktie,L,Pink
3578,Nebula Nomad Necktie,L,Brown
3579,Nebula Nomad Necktie,L,Black
3580,Nebula Nomad Necktie,L,White
3581,Nebula Nomad Necktie,XL,Red
3582,Nebula Nomad Necktie,XL,Blue
3583,Nebula Nomad Necktie,XL,Green
3584,Nebula Nomad Necktie,XL,Yellow
3585,Nebula Nomad Necktie,XL,Purple
3586,Nebula Nomad Necktie,XL,Orange
3587,Nebula Nomad Necktie,XL,Pink
3588,Nebula Nomad Necktie,XL,Brown
3589,Nebula Nomad Necktie,XL,Black
3590,Nebula Nomad Necktie,XL,White
3591,Nebula Nomad Necktie,XXL,Red
3592,Nebula Nomad Necktie,XXL,Blue
3593,Nebula Nomad Necktie,XXL,Green
3594,Nebula Nomad Necktie,XXL,Yellow
3595,Nebula Nomad Necktie,XXL,Purple
3596,Nebula Nomad Necktie,XXL,Orange
3597,Nebula Nomad Necktie,XXL,Pink
3598,Nebula Nomad Necktie,XXL,Brown
3599,Nebula Nomad Necktie,XXL,Black
3600,Nebula Nomad Necktie,XXL,White
3601,Mars Mist Military Jacket,XS,Red
3602,Mars Mist Military Jacket,XS,Blue
3603,Mars Mist Military Jacket,XS,Green
3604,Mars Mist Military Jacket,XS,Yellow
3605,Mars Mist Military Jacket,XS,Purple
3606,Mars Mist Military Jacket,XS,Orange
3607,Mars Mist Military Jacket,XS,Pink
3608,Mars Mist Military Jacket,XS,Brown
3609,Mars Mist Military Jacket,XS,Black
3610,Mars Mist Military Jacket,XS,White
3611,Mars Mist Military Jacket,S,Red
3612,Mars Mist Military Jacket,S,Blue
3613,Mars Mist Military Jacket,S,Green
3614,Mars Mist Military Jacket,S,Yellow
3615,Mars Mist Military Jacket,S,Purple
3616,Mars Mist Military Jacket,S,Orange
3617,Mars Mist Military Jacket,S,Pink
3618,Mars Mist Military Jacket,S,Brown
3619,Mars Mist Military Jacket,S,Black
3620,Mars Mist Military Jacket,S,White
3621,Mars Mist Military Jacket,M,Red
3622,Mars Mist Military Jacket,M,Blue
3623,Mars Mist Military Jacket,M,Green
3624,Mars Mist Military Jacket,M,Yellow
3625,Mars Mist Military Jacket,M,Purple
3626,Mars Mist Military Jacket,M,Orange
3627,Mars Mist Military Jacket,M,Pink
3628,Mars Mist Military Jacket,M,Brown
3629,Mars Mist Military Jacket,M,Black
3630,Mars Mist Military Jacket,M,White
3631,Mars Mist Military Jacket,L,Red
3632,Mars Mist Military Jacket,L,Blue
3633,Mars Mist Military Jacket,L,Green
3634,Mars Mist Military Jacket,L,Yellow
3635,Mars Mist Military Jacket,L,Purple
3636,Mars Mist Military Jacket,L,Orange
3637,Mars Mist Military Jacket,L,Pink
3638,Mars Mist Military Jacket,L,Brown
3639,Mars Mist Military Jacket,L,Black
3640,Mars Mist Military Jacket,L,White
3641,Mars Mist Military Jacket,XL,Red
3642,Mars Mist Military Jacket,XL,Blue
3643,Mars Mist Military Jacket,XL,Green
3644,Mars Mist Military Jacket,XL,Yellow
3645,Mars Mist Military Jacket,XL,Purple
3646,Mars Mist Military Jacket,XL,Orange
3647,Mars Mist Military Jacket,XL,Pink
3648,Mars Mist Military Jacket,XL,Brown
3649,Mars Mist Military Jacket,XL,Black
3650,Mars Mist Military Jacket,XL,White
3651,Mars Mist Military Jacket,XXL,Red
3652,Mars Mist Military Jacket,XXL,Blue
3653,Mars Mist Military Jacket,XXL,Green
3654,Mars Mist Military Jacket,XXL,Yellow
3655,Mars Mist Military Jacket,XXL,Purple
3656,Mars Mist Military Jacket,XXL,Orange
3657,Mars Mist Military Jacket,XXL,Pink
3658,Mars Mist Military Jacket,XXL,Brown
3659,Mars Mist Military Jacket,XXL,Black
3660,Mars Mist Military Jacket,XXL,White
3661,Onyx Odyssey Onesie,XS,Red
3662,Onyx Odyssey Onesie,XS,Blue
3663,Onyx Odyssey Onesie,XS,Green
3664,Onyx Odyssey Onesie,XS,Yellow
3665,Onyx Odyssey Onesie,XS,Purple
3666,Onyx Odyssey Onesie,XS,Orange
3667,Onyx Odyssey Onesie,XS,Pink
3668,Onyx Odyssey Onesie,XS,Brown
3669,Onyx Odyssey Onesie,XS,Black
3670,Onyx Odyssey Onesie,XS,White
3671,Onyx Odyssey Onesie,S,Red
3672,Onyx Odyssey Onesie,S,Blue
3673,Onyx Odyssey Onesie,S,Green
3674,Onyx Odyssey Onesie,S,Yellow
3675,Onyx Odyssey Onesie,S,Purple
3676,Onyx Odyssey Onesie,S,Orange
3677,Onyx Odyssey Onesie,S,Pink
3678,Onyx Odyssey Onesie,S,Brown
3679,Onyx Odyssey Onesie,S,Black
3680,Onyx Odyssey Onesie,S,White
3681,Onyx Odyssey Onesie,M,Red
3682,Onyx Odyssey Onesie,M,Blue
3683,Onyx Odyssey Onesie,M,Green
3684,Onyx Odyssey Onesie,M,Yellow
3685,Onyx Odyssey Onesie,M,Purple
3686,Onyx Odyssey Onesie,M,Orange
3687,Onyx Odyssey Onesie,M,Pink
3688,Onyx Odyssey Onesie,M,Brown
3689,Onyx Odyssey Onesie,M,Black
3690,Onyx Odyssey Onesie,M,White
3691,Onyx Odyssey Onesie,L,Red
3692,Onyx Odyssey Onesie,L,Blue
3693,Onyx Odyssey Onesie,L,Green
3694,Onyx Odyssey Onesie,L,Yellow
3695,Onyx Odyssey Onesie,L,Purple
3696,Onyx Odyssey Onesie,L,Orange
3697,Onyx Odyssey Onesie,L,Pink
3698,Onyx Odyssey Onesie,L,Brown
3699,Onyx Odyssey Onesie,L,Black
3700,Onyx Odyssey Onesie,L,White
3701,Onyx Odyssey Onesie,XL,Red
3702,Onyx Odyssey Onesie,XL,Blue
3703,Onyx Odyssey Onesie,XL,Green
3704,Onyx Odyssey Onesie,XL,Yellow
3705,Onyx Odyssey Onesie,XL,Purple
3706,Onyx Odyssey Onesie,XL,Orange
3707,Onyx Odyssey Onesie,XL,Pink
3708,Onyx Odyssey Onesie,XL,Brown
3709,Onyx Odyssey Onesie,XL,Black
3710,Onyx Odyssey Onesie,XL,White
3711,Onyx Odyssey Onesie,XXL,Red
3712,Onyx Odyssey Onesie,XXL,Blue
3713,Onyx Odyssey Onesie,XXL,Green
3714,Onyx Odyssey Onesie,XXL,Yellow
3715,Onyx Odyssey Onesie,XXL,Purple
3716,Onyx Odyssey Onesie,XXL,Orange
3717,Onyx Odyssey Onesie,XXL,Pink
3718,Onyx Odyssey Onesie,XXL,Brown
3719,Onyx Odyssey Onesie,XXL,Black
3720,Onyx Odyssey Onesie,XXL,White
